Timestep,Sector,Num CellSmutans,OccupiedSpace CellSmutans,Target CellSmutans,Num CellSmitis,OccupiedSpace CellSmitis,Target CellSmitis,Num Macromoleculeahl,OccupiedSpace Macromoleculeahl,Diffusion Rate Macromoleculeahl,Target Macromoleculeahl,EmptySpace Sector
0,0,1.0,1.0,1.0,0.0,0.0,0.0,0.9760101010101011,0.976010101010101,0.0,0.7950391644908616,0.7558558632219183
0,1,0.0,0.0,0.0,0.0,0.0,0.0,0.8970959595959597,0.8970959595959597,0.0,0.9223237597911227,0.9999966943823067
0,2,0.0,0.0,0.0,0.0,0.0,0.0,0.6849747474747475,0.6849747474747476,0.0,0.6540469973890339,0.9999974760061945
0,3,0.0,0.0,0.0,0.0,0.0,0.0,0.5984848484848485,0.5984848484848485,0.0,0.6246736292428199,0.9999977947040297
0,4,0.0,0.0,0.0,0.0,0.0,0.0,0.0,0.0,0.0,0.0,1.0
0,5,0.0,0.0,0.0,0.0,0.0,0.0,0.0,0.0,0.0,0.0,1.0
0,6,0.0,0.0,0.0,0.0,0.0,0.0,0.0,0.0,0.0,0.0,1.0
0,7,0.0,0.0,0.0,0.0,0.0,0.0,0.0,0.0,0.0,0.0,1.0
10,0,1.0,1.0,1.0,0.0,0.0,0.0,0.768939393939394,0.768939393939394,0.0,0.737597911227154,0.7558566262357138
10,1,0.0,0.0,0.0,0.0,0.0,0.0,0.8920454545454546,0.8920454545454546,0.0,0.9099216710182768,0.9999967129923992
10,2,0.0,0.0,0.0,0.0,0.0,0.0,0.6325757575757577,0.6325757575757576,0.0,0.6214099216710183,0.9999976690859049
10,3,0.0,0.0,0.0,0.0,0.0,0.0,0.6041666666666667,0.6041666666666667,0.0,0.6266318537859008,0.9999977737676757
10,4,0.0,0.0,0.0,0.0,0.0,0.0,0.0,0.0,0.0,0.0,1.0
10,5,0.0,0.0,0.0,0.0,0.0,0.0,0.0,0.0,0.0,0.0,1.0
10,6,0.0,0.0,0.0,0.0,0.0,0.0,0.0,0.0,0.0,0.0,1.0
10,7,0.0,0.0,0.0,0.0,0.0,0.0,0.0,0.0,0.0,0.0,1.0
20,0,1.0,1.0,1.0,0.0,0.0,0.0,0.7133838383838385,0.7133838383838383,0.0,0.6932114882506527,0.755856830946732
20,1,0.0,0.0,0.0,0.0,0.0,0.0,0.8800505050505051,0.8800505050505051,0.0,0.9014360313315927,0.999996757191369
20,2,0.0,0.0,0.0,0.0,0.0,0.0,0.6010101010101011,0.6010101010101011,0.0,0.6044386422976501,0.9999977853989837
20,3,0.0,0.0,0.0,0.0,0.0,0.0,0.6060606060606061,0.6060606060606061,0.0,0.6292428198433421,0.9999977667888906
20,4,0.0,0.0,0.0,0.0,0.0,0.0,0.0,0.0,0.0,0.0,1.0
20,5,0.0,0.0,0.0,0.0,0.0,0.0,0.0,0.0,0.0,0.0,1.0
20,6,0.0,0.0,0.0,0.0,0.0,0.0,0.0,0.0,0.0,0.0,1.0
20,7,0.0,0.0,0.0,0.0,0.0,0.0,0.0,0.0,0.0,0.0,1.0
30,0,1.0,1.0,1.0,0.0,0.0,0.0,0.6704545454545455,0.6704545454545454,0.0,0.6560052219321149,0.7558569891325189
30,1,0.0,0.0,0.0,0.0,0.0,0.0,0.8718434343434344,0.8718434343434344,0.0,0.8942558746736292,0.9999967874327695
30,2,0.0,0.0,0.0,0.0,0.0,0.0,0.5845959595959597,0.5845959595959597,0.0,0.5783289817232377,0.9999978458817846
30,3,0.0,0.0,0.0,0.0,0.0,0.0,0.6085858585858587,0.6085858585858586,0.0,0.6305483028720626,0.9999977574838446
30,4,0.0,0.0,0.0,0.0,0.0,0.0,0.0,0.0,0.0,0.0,1.0
30,5,0.0,0.0,0.0,0.0,0.0,0.0,0.0,0.0,0.0,0.0,1.0
30,6,0.0,0.0,0.0,0.0,0.0,0.0,0.0,0.0,0.0,0.0,1.0
30,7,0.0,0.0,0.0,0.0,0.0,0.0,0.0,0.0,0.0,0.0,1.0
40,0,1.0,1.0,1.0,0.0,0.0,0.0,0.634469696969697,0.6344696969696969,0.0,0.6174934725848564,0.7558571217294285
40,1,0.0,0.0,0.0,0.0,0.0,0.0,0.86489898989899,0.8648989898989898,0.0,0.881201044386423,0.9999968130216468
40,2,0.0,0.0,0.0,0.0,0.0,0.0,0.5593434343434344,0.5593434343434344,0.0,0.5600522193211488,0.9999979389322471
40,3,0.0,0.0,0.0,0.0,0.0,0.0,0.6098484848484849,0.6098484848484849,0.0,0.6325065274151436,0.9999977528313218
40,4,0.0,0.0,0.0,0.0,0.0,0.0,0.0,0.0,0.0,0.0,1.0
40,5,0.0,0.0,0.0,0.0,0.0,0.0,0.0,0.0,0.0,0.0,1.0
40,6,0.0,0.0,0.0,0.0,0.0,0.0,0.0,0.0,0.0,0.0,1.0
40,7,0.0,0.0,0.0,0.0,0.0,0.0,0.0,0.0,0.0,0.0,1.0
50,0,1.0,1.0,1.0,0.0,0.0,0.0,0.5972222222222223,0.5972222222222223,0.0,0.5848563968668408,0.7558572589788612
50,1,0.0,0.0,0.0,0.0,0.0,0.0,0.8522727272727273,0.8522727272727273,0.0,0.868798955613577,0.9999968595468784
50,2,0.0,0.0,0.0,0.0,0.0,0.0,0.5416666666666667,0.5416666666666667,0.0,0.5398172323759791,0.9999980040675713
50,3,0.0,0.0,0.0,0.0,0.0,0.0,0.6117424242424243,0.6117424242424242,0.0,0.6390339425587468,0.9999977458525371
50,4,0.0,0.0,0.0,0.0,0.0,0.0,0.0,0.0,0.0,0.0,1.0
50,5,0.0,0.0,0.0,0.0,0.0,0.0,0.0,0.0,0.0,0.0,1.0
50,6,0.0,0.0,0.0,0.0,0.0,0.0,0.0,0.0,0.0,0.0,1.0
50,7,0.0,0.0,0.0,0.0,0.0,0.0,0.0,0.0,0.0,0.0,1.0
60,0,1.0,1.0,1.0,0.0,0.0,0.0,0.5656565656565657,0.5656565656565656,0.0,0.5567885117493473,0.75585737529194
60,1,0.0,0.0,0.0,0.0,0.0,0.0,0.8402777777777779,0.8402777777777778,0.0,0.8622715404699739,0.9999969037458483
60,2,0.0,0.0,0.0,0.0,0.0,0.0,0.5220959595959597,0.5220959595959596,0.0,0.5241514360313316,0.9999980761816802
60,3,0.0,0.0,0.0,0.0,0.0,0.0,0.6180555555555556,0.6180555555555556,0.0,0.639686684073107,0.9999977225899213
60,4,0.0,0.0,0.0,0.0,0.0,0.0,0.0,0.0,0.0,0.0,1.0
60,5,0.0,0.0,0.0,0.0,0.0,0.0,0.0,0.0,0.0,0.0,1.0
60,6,0.0,0.0,0.0,0.0,0.0,0.0,0.0,0.0,0.0,0.0,1.0
60,7,0.0,0.0,0.0,0.0,0.0,0.0,0.0,0.0,0.0,0.0,1.0
70,0,1.0,1.0,1.0,0.0,0.0,0.0,0.5385101010101011,0.538510101010101,0.0,0.5228459530026109,0.7558574753211875
70,1,0.0,0.0,0.0,0.0,0.0,0.0,0.8339646464646465,0.8339646464646465,0.0,0.8537859007832899,0.9999969270084637
70,2,0.0,0.0,0.0,0.0,0.0,0.0,0.5069444444444445,0.5069444444444445,0.0,0.5150130548302873,0.9999981320119575
70,3,0.0,0.0,0.0,0.0,0.0,0.0,0.6186868686868687,0.6186868686868687,0.0,0.641644908616188,0.9999977202636594
70,4,0.0,0.0,0.0,0.0,0.0,0.0,0.0,0.0,0.0,0.0,1.0
70,5,0.0,0.0,0.0,0.0,0.0,0.0,0.0,0.0,0.0,0.0,1.0
70,6,0.0,0.0,0.0,0.0,0.0,0.0,0.0,0.0,0.0,0.0,1.0
70,7,0.0,0.0,0.0,0.0,0.0,0.0,0.0,0.0,0.0,0.0,1.0
80,0,1.0,1.0,1.0,0.0,0.0,0.0,0.5056818181818182,0.5056818181818181,0.0,0.49738903394255873,0.7558575962867891
80,1,0.0,0.0,0.0,0.0,0.0,0.0,0.8257575757575758,0.8257575757575758,0.0,0.8413838120104439,0.9999969572498641
80,2,0.0,0.0,0.0,0.0,0.0,0.0,0.49810606060606066,0.49810606060606066,0.0,0.5006527415143603,0.9999981645796194
80,3,0.0,0.0,0.0,0.0,0.0,0.0,0.6205808080808082,0.6205808080808083,0.0,0.6449086161879896,0.9999977132848747
80,4,0.0,0.0,0.0,0.0,0.0,0.0,0.0,0.0,0.0,0.0,1.0
80,5,0.0,0.0,0.0,0.0,0.0,0.0,0.0,0.0,0.0,0.0,1.0
80,6,0.0,0.0,0.0,0.0,0.0,0.0,0.0,0.0,0.0,0.0,1.0
80,7,0.0,0.0,0.0,0.0,0.0,0.0,0.0,0.0,0.0,0.0,1.0
90,0,1.0,1.0,0.0,0.0,0.0,0.0,0.4810606060606061,0.4810606060606061,0.0,0.0,0.7558576870109903
90,1,0.0,0.0,0.0,0.0,0.0,0.0,0.8137626262626263,0.8137626262626263,0.0,0.0,0.9999970014488344
90,2,0.0,0.0,0.0,0.0,0.0,0.0,0.48421717171717177,0.4842171717171717,0.0,0.0,0.9999982157573744
90,3,0.0,0.0,0.0,0.0,0.0,0.0,0.6237373737373738,0.6237373737373739,0.0,0.0,0.9999977016535673
90,4,0.0,0.0,0.0,0.0,0.0,0.0,0.0,0.0,0.0,0.0,1.0
90,5,0.0,0.0,0.0,0.0,0.0,0.0,0.0,0.0,0.0,0.0,1.0
90,6,0.0,0.0,0.0,0.0,0.0,0.0,0.0,0.0,0.0,0.0,1.0
90,7,0.0,0.0,0.0,0.0,0.0,0.0,0.0,0.0,0.0,0.0,1.0
0,0,1.0,1.0,1.0,0.0,0.0,0.0,0.9242424242424243,0.924242424242424,0.0,0.9314621409921671,0.7558560539753674
0,1,0.0,0.0,0.0,0.0,0.0,0.0,0.9154040404040404,0.9154040404040404,0.0,0.9288511749347259,0.999996626920721
0,2,0.0,0.0,0.0,0.0,0.0,0.0,0.6723484848484849,0.6723484848484849,0.0,0.6984334203655352,0.9999975225314262
0,3,0.0,0.0,0.0,0.0,0.0,0.0,0.6445707070707071,0.6445707070707071,0.0,0.6684073107049608,0.9999976248869356
0,4,0.0,0.0,0.0,0.0,0.0,0.0,0.0,0.0,0.0,0.0,1.0
0,5,0.0,0.0,0.0,0.0,0.0,0.0,0.0,0.0,0.0,0.0,1.0
0,6,0.0,0.0,0.0,0.0,0.0,0.0,0.0,0.0,0.0,0.0,1.0
0,7,0.0,0.0,0.0,0.0,0.0,0.0,0.0,0.0,0.0,0.0,1.0
10,0,1.0,1.0,1.0,0.0,0.0,0.0,0.9008838383838385,0.9008838383838383,0.0,0.9197127937336814,0.7558561400470454
10,1,0.0,0.0,0.0,0.0,0.0,0.0,0.898358585858586,0.8983585858585859,0.0,0.9203655352480418,0.9999966897297834
10,2,0.0,0.0,0.0,0.0,0.0,0.0,0.6755050505050506,0.6755050505050505,0.0,0.6997389033942559,0.9999975109001178
10,3,0.0,0.0,0.0,0.0,0.0,0.0,0.6464646464646465,0.6464646464646465,0.0,0.6697127937336814,0.9999976179081504
10,4,0.0,0.0,0.0,0.0,0.0,0.0,0.0,0.0,0.0,0.0,1.0
10,5,0.0,0.0,0.0,0.0,0.0,0.0,0.0,0.0,0.0,0.0,1.0
10,6,0.0,0.0,0.0,0.0,0.0,0.0,0.0,0.0,0.0,0.0,1.0
10,7,0.0,0.0,0.0,0.0,0.0,0.0,0.0,0.0,0.0,0.0,1.0
20,0,1.0,1.0,1.0,0.0,0.0,0.0,0.8895202020202021,0.8895202020202021,0.0,0.9060052219321149,0.7558561819197538
20,1,0.0,0.0,0.0,0.0,0.0,0.0,0.8901515151515152,0.8901515151515152,0.0,0.910574412532637,0.9999967199711839
20,2,0.0,0.0,0.0,0.0,0.0,0.0,0.6767676767676768,0.6767676767676768,0.0,0.7016971279373369,0.999997506247595
20,3,0.0,0.0,0.0,0.0,0.0,0.0,0.6477272727272728,0.6477272727272727,0.0,0.6716710182767625,0.9999976132556272
20,4,0.0,0.0,0.0,0.0,0.0,0.0,0.0,0.0,0.0,0.0,1.0
20,5,0.0,0.0,0.0,0.0,0.0,0.0,0.0,0.0,0.0,0.0,1.0
20,6,0.0,0.0,0.0,0.0,0.0,0.0,0.0,0.0,0.0,0.0,1.0
20,7,0.0,0.0,0.0,0.0,0.0,0.0,0.0,0.0,0.0,0.0,1.0
30,0,1.0,1.0,1.0,0.0,0.0,0.0,0.8762626262626263,0.8762626262626263,0.0,0.8949086161879896,0.7558562307712466
30,1,0.0,0.0,0.0,0.0,0.0,0.0,0.8806818181818182,0.8806818181818182,0.0,0.8988250652741514,0.9999967548651076
30,2,0.0,0.0,0.0,0.0,0.0,0.0,0.6786616161616162,0.6786616161616162,0.0,0.7030026109660574,0.9999974992688103
30,3,0.0,0.0,0.0,0.0,0.0,0.0,0.6496212121212122,0.6496212121212122,0.0,0.6762402088772846,0.9999976062768425
30,4,0.0,0.0,0.0,0.0,0.0,0.0,0.0,0.0,0.0,0.0,1.0
30,5,0.0,0.0,0.0,0.0,0.0,0.0,0.0,0.0,0.0,0.0,1.0
30,6,0.0,0.0,0.0,0.0,0.0,0.0,0.0,0.0,0.0,0.0,1.0
30,7,0.0,0.0,0.0,0.0,0.0,0.0,0.0,0.0,0.0,0.0,1.0
40,0,1.0,1.0,1.0,0.0,0.0,0.0,0.8655303030303031,0.865530303030303,0.0,0.8805483028720626,0.7558562703176932
40,1,0.0,0.0,0.0,0.0,0.0,0.0,0.8693181818181819,0.8693181818181819,0.0,0.8883812010443864,0.9999967967378156
40,2,0.0,0.0,0.0,0.0,0.0,0.0,0.6799242424242424,0.6799242424242427,0.0,0.7043080939947781,0.9999974946162871
40,3,0.0,0.0,0.0,0.0,0.0,0.0,0.6540404040404041,0.654040404040404,0.0,0.6775456919060052,0.9999975899930118
40,4,0.0,0.0,0.0,0.0,0.0,0.0,0.0,0.0,0.0,0.0,1.0
40,5,0.0,0.0,0.0,0.0,0.0,0.0,0.0,0.0,0.0,0.0,1.0
40,6,0.0,0.0,0.0,0.0,0.0,0.0,0.0,0.0,0.0,0.0,1.0
40,7,0.0,0.0,0.0,0.0,0.0,0.0,0.0,0.0,0.0,0.0,1.0
50,0,1.0,1.0,1.0,0.0,0.0,0.0,0.8516414141414143,0.8516414141414141,0.0,0.8701044386422977,0.7558563214954479
50,1,0.0,0.0,0.0,0.0,0.0,0.0,0.8592171717171718,0.8592171717171717,0.0,0.8792428198433421,0.9999968339580008
50,2,0.0,0.0,0.0,0.0,0.0,0.0,0.6811868686868687,0.6811868686868687,0.0,0.706266318537859,0.9999974899637643
50,3,0.0,0.0,0.0,0.0,0.0,0.0,0.6553030303030304,0.6553030303030303,0.0,0.6801566579634465,0.9999975853404881
50,4,0.0,0.0,0.0,0.0,0.0,0.0,0.0,0.0,0.0,0.0,1.0
50,5,0.0,0.0,0.0,0.0,0.0,0.0,0.0,0.0,0.0,0.0,1.0
50,6,0.0,0.0,0.0,0.0,0.0,0.0,0.0,0.0,0.0,0.0,1.0
50,7,0.0,0.0,0.0,0.0,0.0,0.0,0.0,0.0,0.0,0.0,1.0
60,0,1.0,1.0,1.0,0.0,0.0,0.0,0.8415404040404041,0.841540404040404,0.0,0.7362924281984334,0.7558563587156326
60,1,0.0,0.0,0.0,0.0,0.0,0.0,0.850378787878788,0.850378787878788,0.0,0.8753263707571801,0.9999968665256631
60,2,0.0,0.0,0.0,0.0,0.0,0.0,0.6830808080808082,0.6830808080808083,0.0,0.6808093994778068,0.9999974829849796
60,3,0.0,0.0,0.0,0.0,0.0,0.0,0.6578282828282829,0.6578282828282829,0.0,0.6808093994778068,0.999997576035442
60,4,0.0,0.0,0.0,0.0,0.0,0.0,0.0,0.0,0.0,0.0,1.0
60,5,0.0,0.0,0.0,0.0,0.0,0.0,0.0,0.0,0.0,0.0,1.0
60,6,0.0,0.0,0.0,0.0,0.0,0.0,0.0,0.0,0.0,0.0,1.0
60,7,0.0,0.0,0.0,0.0,0.0,0.0,0.0,0.0,0.0,0.0,1.0
70,0,1.0,1.0,1.0,0.0,0.0,0.0,0.7121212121212122,0.7121212121212122,0.0,0.6677545691906005,0.7558568355992554
70,1,0.0,0.0,0.0,0.0,0.0,0.0,0.8465909090909092,0.8465909090909092,0.0,0.8616187989556136,0.999996880483232
70,2,0.0,0.0,0.0,0.0,0.0,0.0,0.658459595959596,0.658459595959596,0.0,0.6527415143603134,0.9999975737091806
70,3,0.0,0.0,0.0,0.0,0.0,0.0,0.658459595959596,0.658459595959596,0.0,0.6821148825065274,0.9999975737091806
70,4,0.0,0.0,0.0,0.0,0.0,0.0,0.0,0.0,0.0,0.0,1.0
70,5,0.0,0.0,0.0,0.0,0.0,0.0,0.0,0.0,0.0,0.0,1.0
70,6,0.0,0.0,0.0,0.0,0.0,0.0,0.0,0.0,0.0,0.0,1.0
70,7,0.0,0.0,0.0,0.0,0.0,0.0,0.0,0.0,0.0,0.0,1.0
80,0,1.0,1.0,1.0,0.0,0.0,0.0,0.6458333333333334,0.6458333333333334,0.0,0.6168407310704961,0.7558570798567201
80,1,0.0,0.0,0.0,0.0,0.0,0.0,0.8333333333333334,0.8333333333333334,0.0,0.8511749347258486,0.9999969293347255
80,2,0.0,0.0,0.0,0.0,0.0,0.0,0.6313131313131314,0.6313131313131314,0.0,0.6246736292428199,0.9999976737384282
80,3,0.0,0.0,0.0,0.0,0.0,0.0,0.6597222222222223,0.6597222222222223,0.0,0.6847258485639687,0.9999975690566574
80,4,0.0,0.0,0.0,0.0,0.0,0.0,0.0,0.0,0.0,0.0,1.0
80,5,0.0,0.0,0.0,0.0,0.0,0.0,0.0,0.0,0.0,0.0,1.0
80,6,0.0,0.0,0.0,0.0,0.0,0.0,0.0,0.0,0.0,0.0,1.0
80,7,0.0,0.0,0.0,0.0,0.0,0.0,0.0,0.0,0.0,0.0,1.0
90,0,1.0,1.0,0.0,0.0,0.0,0.0,0.5965909090909092,0.5965909090909092,0.0,0.0,0.7558572613051227
90,1,0.0,0.0,0.0,0.0,0.0,0.0,0.8232323232323233,0.8232323232323232,0.0,0.0,0.9999969665549107
90,2,0.0,0.0,0.0,0.0,0.0,0.0,0.6041666666666667,0.6041666666666667,0.0,0.0,0.9999977737676757
90,3,0.0,0.0,0.0,0.0,0.0,0.0,0.6622474747474748,0.6622474747474748,0.0,0.0,0.9999975597516113
90,4,0.0,0.0,0.0,0.0,0.0,0.0,0.0,0.0,0.0,0.0,1.0
90,5,0.0,0.0,0.0,0.0,0.0,0.0,0.0,0.0,0.0,0.0,1.0
90,6,0.0,0.0,0.0,0.0,0.0,0.0,0.0,0.0,0.0,0.0,1.0
90,7,0.0,0.0,0.0,0.0,0.0,0.0,0.0,0.0,0.0,0.0,1.0
0,0,0.0,0.0,0.0,0.0,0.0,0.0,0.0,0.0,0.0,0.0,1.0
0,1,0.0,0.0,0.0,0.0,0.0,0.0,0.0,0.0,0.0,0.0,1.0
0,2,0.0,0.0,0.0,0.0,0.0,0.0,0.0,0.0,0.0,0.0,1.0
0,3,0.0,0.0,0.0,1.0,1.0,1.0,0.0,0.0,0.0,0.0,3.466129741003243e-07
0,4,1.0,1.0,1.0,0.0,0.0,0.0,0.8162878787878789,0.8162878787878788,0.0,0.7251958224543081,0.7558564517660962
0,5,0.0,0.0,0.0,0.0,0.0,0.0,0.768939393939394,0.768939393939394,0.0,0.8002610966057442,0.9999971666134058
0,6,0.0,0.0,0.0,0.0,0.0,0.0,0.8295454545454546,0.8295454545454546,0.0,0.737597911227154,0.9999969432922948
0,7,0.0,0.0,0.0,0.0,0.0,0.0,0.7417929292929294,0.7417929292929294,0.0,0.7715404699738904,0.9999972666426533
10,0,0.0,0.0,0.0,0.0,0.0,0.0,0.0,0.0,0.0,0.0,1.0
10,1,0.0,0.0,0.0,0.0,0.0,0.0,0.0,0.0,0.0,0.0,1.0
10,2,0.0,0.0,0.0,0.0,0.0,0.0,0.0,0.0,0.0,0.0,1.0
10,3,0.0,0.0,0.0,1.0,1.0,1.0,0.0,0.0,0.0,0.0,3.466129741003243e-07
10,4,1.0,1.0,1.0,0.0,0.0,0.0,0.701388888888889,0.701388888888889,0.0,0.6860313315926893,0.755856875145702
10,5,0.0,0.0,0.0,0.0,0.0,0.0,0.773989898989899,0.773989898989899,0.0,0.8002610966057442,0.9999971480033132
10,6,0.0,0.0,0.0,0.0,0.0,0.0,0.7133838383838385,0.7133838383838383,0.0,0.7023498694516971,0.9999973713244241
10,7,0.0,0.0,0.0,0.0,0.0,0.0,0.7462121212121213,0.7462121212121212,0.0,0.7715404699738904,0.9999972503588221
20,0,0.0,0.0,0.0,0.0,0.0,0.0,0.0,0.0,0.0,0.0,1.0
20,1,0.0,0.0,0.0,0.0,0.0,0.0,0.0,0.0,0.0,0.0,1.0
20,2,0.0,0.0,0.0,0.0,0.0,0.0,0.0,0.0,0.0,0.0,1.0
20,3,0.0,0.0,0.0,1.0,1.0,1.0,0.0,0.0,0.0,0.0,3.466129741003243e-07
20,4,1.0,1.0,1.0,0.0,0.0,0.0,0.6635101010101011,0.6635101010101011,0.0,0.6462140992167101,0.7558570147213963
20,5,0.0,0.0,0.0,0.0,0.0,0.0,0.773989898989899,0.773989898989899,0.0,0.8002610966057442,0.9999971480033132
20,6,0.0,0.0,0.0,0.0,0.0,0.0,0.6792929292929294,0.6792929292929294,0.0,0.6762402088772846,0.9999974969425489
20,7,0.0,0.0,0.0,0.0,0.0,0.0,0.7462121212121213,0.7462121212121212,0.0,0.7715404699738904,0.9999972503588221
30,0,0.0,0.0,0.0,0.0,0.0,0.0,0.0,0.0,0.0,0.0,1.0
30,1,0.0,0.0,0.0,0.0,0.0,0.0,0.0,0.0,0.0,0.0,1.0
30,2,0.0,0.0,0.0,0.0,0.0,0.0,0.0,0.0,0.0,0.0,1.0
30,3,0.0,0.0,0.0,1.0,1.0,1.0,0.0,0.0,0.0,0.0,3.466129741003243e-07
30,4,1.0,1.0,1.0,0.0,0.0,0.0,0.625,0.625,0.0,0.6207571801566579,0.7558571566233523
30,5,0.0,0.0,0.0,0.0,0.0,0.0,0.773989898989899,0.773989898989899,0.0,0.8002610966057442,0.9999971480033132
30,6,0.0,0.0,0.0,0.0,0.0,0.0,0.6540404040404041,0.654040404040404,0.0,0.6533942558746736,0.9999975899930118
30,7,0.0,0.0,0.0,0.0,0.0,0.0,0.7462121212121213,0.7462121212121212,0.0,0.7715404699738904,0.9999972503588221
40,0,0.0,0.0,0.0,0.0,0.0,0.0,0.0,0.0,0.0,0.0,1.0
40,1,0.0,0.0,0.0,0.0,0.0,0.0,0.0,0.0,0.0,0.0,1.0
40,2,0.0,0.0,0.0,0.0,0.0,0.0,0.0,0.0,0.0,0.0,1.0
40,3,0.0,0.0,0.0,1.0,1.0,1.0,0.0,0.0,0.0,0.0,3.466129741003243e-07
40,4,1.0,1.0,1.0,0.0,0.0,0.0,0.600378787878788,0.600378787878788,0.0,0.5998694516971279,0.755857247347554
40,5,0.0,0.0,0.0,0.0,0.0,0.0,0.773989898989899,0.773989898989899,0.0,0.8002610966057442,0.9999971480033132
40,6,0.0,0.0,0.0,0.0,0.0,0.0,0.6319444444444445,0.6319444444444444,0.0,0.6318537859007833,0.9999976714121668
40,7,0.0,0.0,0.0,0.0,0.0,0.0,0.7462121212121213,0.7462121212121212,0.0,0.7715404699738904,0.9999972503588221
50,0,0.0,0.0,0.0,0.0,0.0,0.0,0.0,0.0,0.0,0.0,1.0
50,1,0.0,0.0,0.0,0.0,0.0,0.0,0.0,0.0,0.0,0.0,1.0
50,2,0.0,0.0,0.0,0.0,0.0,0.0,0.0,0.0,0.0,0.0,1.0
50,3,0.0,0.0,0.0,1.0,1.0,1.0,0.0,0.0,0.0,0.0,3.466129741003243e-07
50,4,1.0,1.0,1.0,0.0,0.0,0.0,0.5801767676767677,0.5801767676767677,0.0,0.5685378590078329,0.7558573217879239
50,5,0.0,0.0,0.0,0.0,0.0,0.0,0.773989898989899,0.773989898989899,0.0,0.806135770234987,0.9999971480033132
50,6,0.0,0.0,0.0,0.0,0.0,0.0,0.6111111111111112,0.611111111111111,0.0,0.6057441253263708,0.9999977481787985
50,7,0.0,0.0,0.0,0.0,0.0,0.0,0.7462121212121213,0.7462121212121212,0.0,0.7767624020887729,0.9999972503588221
60,0,0.0,0.0,0.0,0.0,0.0,0.0,0.0,0.0,0.0,0.0,1.0
60,1,0.0,0.0,0.0,0.0,0.0,0.0,0.0,0.0,0.0,0.0,1.0
60,2,0.0,0.0,0.0,0.0,0.0,0.0,0.0,0.0,0.0,0.0,1.0
60,3,0.0,0.0,0.0,1.0,1.0,1.0,0.0,0.0,0.0,0.0,3.466129741003243e-07
60,4,1.0,1.0,1.0,0.0,0.0,0.0,0.5498737373737375,0.5498737373737373,0.0,0.5567885117493473,0.7558574334484793
60,5,0.0,0.0,0.0,0.0,0.0,0.0,0.7796717171717172,0.7796717171717171,0.0,0.806135770234987,0.9999971270669588
60,6,0.0,0.0,0.0,0.0,0.0,0.0,0.5858585858585859,0.5858585858585859,0.0,0.5881201044386423,0.9999978412292609
60,7,0.0,0.0,0.0,0.0,0.0,0.0,0.7512626262626263,0.7512626262626263,0.0,0.7767624020887729,0.9999972317487296
70,0,0.0,0.0,0.0,0.0,0.0,0.0,0.0,0.0,0.0,0.0,1.0
70,1,0.0,0.0,0.0,0.0,0.0,0.0,0.0,0.0,0.0,0.0,1.0
70,2,0.0,0.0,0.0,0.0,0.0,0.0,0.0,0.0,0.0,0.0,1.0
70,3,0.0,0.0,0.0,1.0,1.0,1.0,0.0,0.0,0.0,0.0,3.466129741003243e-07
70,4,1.0,1.0,1.0,0.0,0.0,0.0,0.5385101010101011,0.538510101010101,0.0,0.545691906005222,0.7558574753211875
70,5,0.0,0.0,0.0,0.0,0.0,0.0,0.7796717171717172,0.7796717171717171,0.0,0.806135770234987,0.9999971270669588
70,6,0.0,0.0,0.0,0.0,0.0,0.0,0.5688131313131314,0.5688131313131313,0.0,0.5704960835509139,0.9999979040383238
70,7,0.0,0.0,0.0,0.0,0.0,0.0,0.7512626262626263,0.7512626262626263,0.0,0.7767624020887729,0.9999972317487296
80,0,0.0,0.0,0.0,0.0,0.0,0.0,0.0,0.0,0.0,0.0,1.0
80,1,0.0,0.0,0.0,0.0,0.0,0.0,0.0,0.0,0.0,0.0,1.0
80,2,0.0,0.0,0.0,0.0,0.0,0.0,0.0,0.0,0.0,0.0,1.0
80,3,0.0,0.0,0.0,1.0,1.0,1.0,0.0,0.0,0.0,0.0,3.466129741003243e-07
80,4,1.0,1.0,1.0,0.0,0.0,0.0,0.5277777777777778,0.5277777777777778,0.0,0.5319843342036553,0.7558575148676341
80,5,0.0,0.0,0.0,0.0,0.0,0.0,0.7796717171717172,0.7796717171717171,0.0,0.806135770234987,0.9999971270669588
80,6,0.0,0.0,0.0,0.0,0.0,0.0,0.5517676767676768,0.5517676767676767,0.0,0.5548302872062664,0.9999979668473862
80,7,0.0,0.0,0.0,0.0,0.0,0.0,0.7512626262626263,0.7512626262626263,0.0,0.7761096605744126,0.9999972317487296
90,0,0.0,0.0,0.0,0.0,0.0,0.0,0.0,0.0,0.0,0.0,1.0
90,1,0.0,0.0,0.0,0.0,0.0,0.0,0.0,0.0,0.0,0.0,1.0
90,2,0.0,0.0,0.0,0.0,0.0,0.0,0.0,0.0,0.0,0.0,1.0
90,3,0.0,0.0,0.0,1.0,1.0,0.0,0.0,0.0,0.0,0.0,3.466129741003243e-07
90,4,1.0,1.0,0.0,0.0,0.0,0.0,0.5145202020202021,0.5145202020202021,0.0,0.0,0.7558575637191272
90,5,0.0,0.0,0.0,0.0,0.0,0.0,0.7796717171717172,0.7796717171717171,0.0,0.0,0.9999971270669588
90,6,0.0,0.0,0.0,0.0,0.0,0.0,0.5366161616161617,0.5366161616161617,0.0,0.0,0.9999980226776639
90,7,0.0,0.0,0.0,0.0,0.0,0.0,0.7506313131313131,0.750631313131313,0.0,0.0,0.9999972340749914
0,0,0.0,0.0,0.0,0.0,0.0,0.0,0.0,0.0,0.0,0.0,1.0
0,1,0.0,0.0,0.0,0.0,0.0,0.0,0.0,0.0,0.0,0.0,1.0
0,2,0.0,0.0,0.0,0.0,0.0,0.0,0.0,0.0,0.0,0.0,1.0
0,3,0.0,0.0,0.0,1.0,1.0,1.0,0.0,0.0,0.0,0.0,3.466129741003243e-07
0,4,0.0,0.0,0.0,0.0,0.0,0.0,0.8125000000000001,0.8125,0.0,0.8400783289817233,0.9999970061013572
0,5,1.0,1.0,1.0,0.0,0.0,0.0,0.8446969696969697,0.8446969696969698,0.0,0.8720626631853786,0.7558563470843254
0,6,0.0,0.0,0.0,0.0,0.0,0.0,0.7392676767676768,0.7392676767676768,0.0,0.7643603133159269,0.9999972759476994
0,7,0.0,0.0,0.0,0.0,0.0,0.0,0.7601010101010102,0.76010101010101,0.0,0.7872062663185379,0.9999971991810677
10,0,0.0,0.0,0.0,0.0,0.0,0.0,0.0,0.0,0.0,0.0,1.0
10,1,0.0,0.0,0.0,0.0,0.0,0.0,0.0,0.0,0.0,0.0,1.0
10,2,0.0,0.0,0.0,0.0,0.0,0.0,0.0,0.0,0.0,0.0,1.0
10,3,0.0,0.0,0.0,1.0,1.0,1.0,0.0,0.0,0.0,0.0,3.466129741003243e-07
10,4,0.0,0.0,0.0,0.0,0.0,0.0,0.8125000000000001,0.8125,0.0,0.839425587467363,0.9999970061013572
10,5,1.0,1.0,1.0,0.0,0.0,0.0,0.8434343434343435,0.8434343434343434,0.0,0.8707571801566579,0.7558563517368482
10,6,0.0,0.0,0.0,0.0,0.0,0.0,0.7392676767676768,0.7392676767676768,0.0,0.7650130548302873,0.9999972759476994
10,7,0.0,0.0,0.0,0.0,0.0,0.0,0.7613636363636365,0.7613636363636365,0.0,0.7885117493472585,0.9999971945285444
20,0,0.0,0.0,0.0,0.0,0.0,0.0,0.0,0.0,0.0,0.0,1.0
20,1,0.0,0.0,0.0,0.0,0.0,0.0,0.0,0.0,0.0,0.0,1.0
20,2,0.0,0.0,0.0,0.0,0.0,0.0,0.0,0.0,0.0,0.0,1.0
20,3,0.0,0.0,0.0,1.0,1.0,1.0,0.0,0.0,0.0,0.0,3.466129741003243e-07
20,4,0.0,0.0,0.0,0.0,0.0,0.0,0.811868686868687,0.8118686868686869,0.0,0.839425587467363,0.9999970084276186
20,5,1.0,1.0,1.0,0.0,0.0,0.0,0.8421717171717172,0.8421717171717171,0.0,0.8694516971279374,0.7558563563893717
20,6,0.0,0.0,0.0,0.0,0.0,0.0,0.73989898989899,0.7398989898989898,0.0,0.7650130548302873,0.999997273621438
20,7,0.0,0.0,0.0,0.0,0.0,0.0,0.7626262626262627,0.7626262626262627,0.0,0.7898172323759791,0.9999971898760216
30,0,0.0,0.0,0.0,0.0,0.0,0.0,0.0,0.0,0.0,0.0,1.0
30,1,0.0,0.0,0.0,0.0,0.0,0.0,0.0,0.0,0.0,0.0,1.0
30,2,0.0,0.0,0.0,0.0,0.0,0.0,0.0,0.0,0.0,0.0,1.0
30,3,0.0,0.0,0.0,1.0,1.0,1.0,0.0,0.0,0.0,0.0,3.466129741003243e-07
30,4,0.0,0.0,0.0,0.0,0.0,0.0,0.811868686868687,0.8118686868686869,0.0,0.839425587467363,0.9999970084276186
30,5,1.0,1.0,1.0,0.0,0.0,0.0,0.8409090909090909,0.8409090909090909,0.0,0.8694516971279374,0.7558563610418949
30,6,0.0,0.0,0.0,0.0,0.0,0.0,0.73989898989899,0.7398989898989898,0.0,0.7650130548302873,0.999997273621438
30,7,0.0,0.0,0.0,0.0,0.0,0.0,0.763888888888889,0.763888888888889,0.0,0.7898172323759791,0.9999971852234983
40,0,0.0,0.0,0.0,0.0,0.0,0.0,0.0,0.0,0.0,0.0,1.0
40,1,0.0,0.0,0.0,0.0,0.0,0.0,0.0,0.0,0.0,0.0,1.0
40,2,0.0,0.0,0.0,0.0,0.0,0.0,0.0,0.0,0.0,0.0,1.0
40,3,0.0,0.0,0.0,1.0,1.0,1.0,0.0,0.0,0.0,0.0,3.466129741003243e-07
40,4,0.0,0.0,0.0,0.0,0.0,0.0,0.811868686868687,0.8118686868686869,0.0,0.8387728459530026,0.9999970084276186
40,5,1.0,1.0,1.0,0.0,0.0,0.0,0.8409090909090909,0.8409090909090909,0.0,0.8694516971279374,0.7558563610418949
40,6,0.0,0.0,0.0,0.0,0.0,0.0,0.73989898989899,0.7398989898989898,0.0,0.7656657963446475,0.999997273621438
40,7,0.0,0.0,0.0,0.0,0.0,0.0,0.763888888888889,0.763888888888889,0.0,0.7898172323759791,0.9999971852234983
50,0,0.0,0.0,0.0,0.0,0.0,0.0,0.0,0.0,0.0,0.0,1.0
50,1,0.0,0.0,0.0,0.0,0.0,0.0,0.0,0.0,0.0,0.0,1.0
50,2,0.0,0.0,0.0,0.0,0.0,0.0,0.0,0.0,0.0,0.0,1.0
50,3,0.0,0.0,0.0,1.0,1.0,1.0,0.0,0.0,0.0,0.0,3.466129741003243e-07
50,4,0.0,0.0,0.0,0.0,0.0,0.0,0.8112373737373738,0.8112373737373738,0.0,0.8381201044386423,0.9999970107538805
50,5,1.0,1.0,1.0,0.0,0.0,0.0,0.8409090909090909,0.8409090909090909,0.0,0.8681462140992168,0.7558563610418949
50,6,0.0,0.0,0.0,0.0,0.0,0.0,0.7405303030303031,0.7405303030303031,0.0,0.7663185378590078,0.9999972712951761
50,7,0.0,0.0,0.0,0.0,0.0,0.0,0.763888888888889,0.763888888888889,0.0,0.7911227154046997,0.9999971852234983
60,0,0.0,0.0,0.0,0.0,0.0,0.0,0.0,0.0,0.0,0.0,1.0
60,1,0.0,0.0,0.0,0.0,0.0,0.0,0.0,0.0,0.0,0.0,1.0
60,2,0.0,0.0,0.0,0.0,0.0,0.0,0.0,0.0,0.0,0.0,1.0
60,3,0.0,0.0,0.0,1.0,1.0,1.0,0.0,0.0,0.0,0.0,3.466129741003243e-07
60,4,0.0,0.0,0.0,0.0,0.0,0.0,0.8106060606060607,0.8106060606060607,0.0,0.837467362924282,0.9999970130801419
60,5,1.0,1.0,1.0,0.0,0.0,0.0,0.8396464646464648,0.8396464646464646,0.0,0.8674934725848564,0.7558563656944177
60,6,0.0,0.0,0.0,0.0,0.0,0.0,0.7411616161616162,0.7411616161616162,0.0,0.7669712793733682,0.9999972689689147
60,7,0.0,0.0,0.0,0.0,0.0,0.0,0.7651515151515152,0.7651515151515152,0.0,0.7911227154046997,0.9999971805709746
70,0,0.0,0.0,0.0,0.0,0.0,0.0,0.0,0.0,0.0,0.0,1.0
70,1,0.0,0.0,0.0,0.0,0.0,0.0,0.0,0.0,0.0,0.0,1.0
70,2,0.0,0.0,0.0,0.0,0.0,0.0,0.0,0.0,0.0,0.0,1.0
70,3,0.0,0.0,0.0,1.0,1.0,1.0,0.0,0.0,0.0,0.0,3.466129741003243e-07
70,4,0.0,0.0,0.0,0.0,0.0,0.0,0.8099747474747475,0.8099747474747475,0.0,0.8257180156657964,0.9999970154064033
70,5,1.0,1.0,1.0,0.0,0.0,0.0,0.8390151515151516,0.8390151515151515,0.0,0.8544386422976501,0.7558563680206796
70,6,0.0,0.0,0.0,0.0,0.0,0.0,0.7417929292929294,0.7417929292929294,0.0,0.7669712793733682,0.9999972666426533
70,7,0.0,0.0,0.0,0.0,0.0,0.0,0.7651515151515152,0.7651515151515152,0.0,0.79177545691906,0.9999971805709746
80,0,0.0,0.0,0.0,0.0,0.0,0.0,0.0,0.0,0.0,0.0,1.0
80,1,0.0,0.0,0.0,0.0,0.0,0.0,0.0,0.0,0.0,0.0,1.0
80,2,0.0,0.0,0.0,0.0,0.0,0.0,0.0,0.0,0.0,0.0,1.0
80,3,0.0,0.0,0.0,1.0,1.0,1.0,0.0,0.0,0.0,0.0,3.466129741003243e-07
80,4,0.0,0.0,0.0,0.0,0.0,0.0,0.7986111111111112,0.7986111111111112,0.0,0.8198433420365535,0.9999970572791117
80,5,1.0,1.0,1.0,0.0,0.0,0.0,0.826388888888889,0.826388888888889,0.0,0.8433420365535248,0.7558564145459115
80,6,0.0,0.0,0.0,0.0,0.0,0.0,0.7417929292929294,0.7417929292929294,0.0,0.7663185378590078,0.9999972666426533
80,7,0.0,0.0,0.0,0.0,0.0,0.0,0.7657828282828284,0.7657828282828283,0.0,0.79177545691906,0.9999971782447132
90,0,0.0,0.0,0.0,0.0,0.0,0.0,0.0,0.0,0.0,0.0,1.0
90,1,0.0,0.0,0.0,0.0,0.0,0.0,0.0,0.0,0.0,0.0,1.0
90,2,0.0,0.0,0.0,0.0,0.0,0.0,0.0,0.0,0.0,0.0,1.0
90,3,0.0,0.0,0.0,1.0,1.0,0.0,0.0,0.0,0.0,0.0,3.466129741003243e-07
90,4,0.0,0.0,0.0,0.0,0.0,0.0,0.792929292929293,0.7929292929292929,0.0,0.0,0.9999970782154661
90,5,1.0,1.0,0.0,0.0,0.0,0.0,0.8156565656565657,0.8156565656565656,0.0,0.0,0.7558564540923576
90,6,0.0,0.0,0.0,0.0,0.0,0.0,0.7411616161616162,0.7411616161616162,0.0,0.0,0.9999972689689147
90,7,0.0,0.0,0.0,0.0,0.0,0.0,0.7657828282828284,0.7657828282828283,0.0,0.0,0.9999971782447132
0,0,1.0,1.0,1.0,0.0,0.0,0.0,0.7708333333333334,0.7708333333333334,0.0,0.7969973890339426,0.7558566192569292
0,1,0.0,0.0,0.0,0.0,0.0,0.0,0.7790404040404041,0.779040404040404,0.0,0.8054830287206266,0.9999971293932206
0,2,0.0,0.0,0.0,0.0,0.0,0.0,0.7872474747474748,0.7872474747474748,0.0,0.8139686684073107,0.9999970991518201
0,3,0.0,0.0,0.0,0.0,0.0,0.0,0.8194444444444445,0.8194444444444444,0.0,0.8472584856396866,0.99999698051248
0,4,0.0,0.0,0.0,0.0,0.0,0.0,0.0,0.0,0.0,0.0,1.0
0,5,0.0,0.0,0.0,0.0,0.0,0.0,0.0,0.0,0.0,0.0,1.0
0,6,0.0,0.0,0.0,0.0,0.0,0.0,0.0,0.0,0.0,0.0,1.0
0,7,0.0,0.0,0.0,0.0,0.0,0.0,0.0,0.0,0.0,0.0,1.0
10,0,1.0,1.0,1.0,0.0,0.0,0.0,0.7708333333333334,0.7708333333333334,0.0,0.7969973890339426,0.7558566192569292
10,1,0.0,0.0,0.0,0.0,0.0,0.0,0.7790404040404041,0.779040404040404,0.0,0.8054830287206266,0.9999971293932206
10,2,0.0,0.0,0.0,0.0,0.0,0.0,0.7872474747474748,0.7872474747474748,0.0,0.8139686684073107,0.9999970991518201
10,3,0.0,0.0,0.0,0.0,0.0,0.0,0.8194444444444445,0.8194444444444444,0.0,0.8472584856396866,0.99999698051248
10,4,0.0,0.0,0.0,0.0,0.0,0.0,0.0,0.0,0.0,0.0,1.0
10,5,0.0,0.0,0.0,0.0,0.0,0.0,0.0,0.0,0.0,0.0,1.0
10,6,0.0,0.0,0.0,0.0,0.0,0.0,0.0,0.0,0.0,0.0,1.0
10,7,0.0,0.0,0.0,0.0,0.0,0.0,0.0,0.0,0.0,0.0,1.0
20,0,1.0,1.0,1.0,0.0,0.0,0.0,0.7708333333333334,0.7708333333333334,0.0,0.7969973890339426,0.7558566192569292
20,1,0.0,0.0,0.0,0.0,0.0,0.0,0.7790404040404041,0.779040404040404,0.0,0.8054830287206266,0.9999971293932206
20,2,0.0,0.0,0.0,0.0,0.0,0.0,0.7872474747474748,0.7872474747474748,0.0,0.8139686684073107,0.9999970991518201
20,3,0.0,0.0,0.0,0.0,0.0,0.0,0.8194444444444445,0.8194444444444444,0.0,0.8472584856396866,0.99999698051248
20,4,0.0,0.0,0.0,0.0,0.0,0.0,0.0,0.0,0.0,0.0,1.0
20,5,0.0,0.0,0.0,0.0,0.0,0.0,0.0,0.0,0.0,0.0,1.0
20,6,0.0,0.0,0.0,0.0,0.0,0.0,0.0,0.0,0.0,0.0,1.0
20,7,0.0,0.0,0.0,0.0,0.0,0.0,0.0,0.0,0.0,0.0,1.0
30,0,1.0,1.0,1.0,0.0,0.0,0.0,0.7708333333333334,0.7708333333333334,0.0,0.7969973890339426,0.7558566192569292
30,1,0.0,0.0,0.0,0.0,0.0,0.0,0.7790404040404041,0.779040404040404,0.0,0.8054830287206266,0.9999971293932206
30,2,0.0,0.0,0.0,0.0,0.0,0.0,0.7872474747474748,0.7872474747474748,0.0,0.8139686684073107,0.9999970991518201
30,3,0.0,0.0,0.0,0.0,0.0,0.0,0.8194444444444445,0.8194444444444444,0.0,0.8472584856396866,0.99999698051248
30,4,0.0,0.0,0.0,0.0,0.0,0.0,0.0,0.0,0.0,0.0,1.0
30,5,0.0,0.0,0.0,0.0,0.0,0.0,0.0,0.0,0.0,0.0,1.0
30,6,0.0,0.0,0.0,0.0,0.0,0.0,0.0,0.0,0.0,0.0,1.0
30,7,0.0,0.0,0.0,0.0,0.0,0.0,0.0,0.0,0.0,0.0,1.0
40,0,1.0,1.0,1.0,0.0,0.0,0.0,0.7708333333333334,0.7708333333333334,0.0,0.7969973890339426,0.7558566192569292
40,1,0.0,0.0,0.0,0.0,0.0,0.0,0.7790404040404041,0.779040404040404,0.0,0.8054830287206266,0.9999971293932206
40,2,0.0,0.0,0.0,0.0,0.0,0.0,0.7872474747474748,0.7872474747474748,0.0,0.8139686684073107,0.9999970991518201
40,3,0.0,0.0,0.0,0.0,0.0,0.0,0.8194444444444445,0.8194444444444444,0.0,0.8472584856396866,0.99999698051248
40,4,0.0,0.0,0.0,0.0,0.0,0.0,0.0,0.0,0.0,0.0,1.0
40,5,0.0,0.0,0.0,0.0,0.0,0.0,0.0,0.0,0.0,0.0,1.0
40,6,0.0,0.0,0.0,0.0,0.0,0.0,0.0,0.0,0.0,0.0,1.0
40,7,0.0,0.0,0.0,0.0,0.0,0.0,0.0,0.0,0.0,0.0,1.0
50,0,1.0,1.0,1.0,0.0,0.0,0.0,0.7708333333333334,0.7708333333333334,0.0,0.7969973890339426,0.7558566192569292
50,1,0.0,0.0,0.0,0.0,0.0,0.0,0.7790404040404041,0.779040404040404,0.0,0.8054830287206266,0.9999971293932206
50,2,0.0,0.0,0.0,0.0,0.0,0.0,0.7872474747474748,0.7872474747474748,0.0,0.8139686684073107,0.9999970991518201
50,3,0.0,0.0,0.0,0.0,0.0,0.0,0.8194444444444445,0.8194444444444444,0.0,0.8472584856396866,0.99999698051248
50,4,0.0,0.0,0.0,0.0,0.0,0.0,0.0,0.0,0.0,0.0,1.0
50,5,0.0,0.0,0.0,0.0,0.0,0.0,0.0,0.0,0.0,0.0,1.0
50,6,0.0,0.0,0.0,0.0,0.0,0.0,0.0,0.0,0.0,0.0,1.0
50,7,0.0,0.0,0.0,0.0,0.0,0.0,0.0,0.0,0.0,0.0,1.0
60,0,1.0,1.0,1.0,0.0,0.0,0.0,0.7708333333333334,0.7708333333333334,0.0,0.7969973890339426,0.7558566192569292
60,1,0.0,0.0,0.0,0.0,0.0,0.0,0.7790404040404041,0.779040404040404,0.0,0.8054830287206266,0.9999971293932206
60,2,0.0,0.0,0.0,0.0,0.0,0.0,0.7872474747474748,0.7872474747474748,0.0,0.8139686684073107,0.9999970991518201
60,3,0.0,0.0,0.0,0.0,0.0,0.0,0.8194444444444445,0.8194444444444444,0.0,0.8472584856396866,0.99999698051248
60,4,0.0,0.0,0.0,0.0,0.0,0.0,0.0,0.0,0.0,0.0,1.0
60,5,0.0,0.0,0.0,0.0,0.0,0.0,0.0,0.0,0.0,0.0,1.0
60,6,0.0,0.0,0.0,0.0,0.0,0.0,0.0,0.0,0.0,0.0,1.0
60,7,0.0,0.0,0.0,0.0,0.0,0.0,0.0,0.0,0.0,0.0,1.0
70,0,1.0,1.0,1.0,0.0,0.0,0.0,0.7708333333333334,0.7708333333333334,0.0,0.7969973890339426,0.7558566192569292
70,1,0.0,0.0,0.0,0.0,0.0,0.0,0.7790404040404041,0.779040404040404,0.0,0.8054830287206266,0.9999971293932206
70,2,0.0,0.0,0.0,0.0,0.0,0.0,0.7872474747474748,0.7872474747474748,0.0,0.8139686684073107,0.9999970991518201
70,3,0.0,0.0,0.0,0.0,0.0,0.0,0.8194444444444445,0.8194444444444444,0.0,0.8472584856396866,0.99999698051248
70,4,0.0,0.0,0.0,0.0,0.0,0.0,0.0,0.0,0.0,0.0,1.0
70,5,0.0,0.0,0.0,0.0,0.0,0.0,0.0,0.0,0.0,0.0,1.0
70,6,0.0,0.0,0.0,0.0,0.0,0.0,0.0,0.0,0.0,0.0,1.0
70,7,0.0,0.0,0.0,0.0,0.0,0.0,0.0,0.0,0.0,0.0,1.0
80,0,1.0,1.0,1.0,0.0,0.0,0.0,0.7708333333333334,0.7708333333333334,0.0,0.7969973890339426,0.7558566192569292
80,1,0.0,0.0,0.0,0.0,0.0,0.0,0.7790404040404041,0.779040404040404,0.0,0.8054830287206266,0.9999971293932206
80,2,0.0,0.0,0.0,0.0,0.0,0.0,0.7872474747474748,0.7872474747474748,0.0,0.8139686684073107,0.9999970991518201
80,3,0.0,0.0,0.0,0.0,0.0,0.0,0.8194444444444445,0.8194444444444444,0.0,0.8459530026109661,0.99999698051248
80,4,0.0,0.0,0.0,0.0,0.0,0.0,0.0,0.0,0.0,0.0,1.0
80,5,0.0,0.0,0.0,0.0,0.0,0.0,0.0,0.0,0.0,0.0,1.0
80,6,0.0,0.0,0.0,0.0,0.0,0.0,0.0,0.0,0.0,0.0,1.0
80,7,0.0,0.0,0.0,0.0,0.0,0.0,0.0,0.0,0.0,0.0,1.0
90,0,1.0,1.0,0.0,0.0,0.0,0.0,0.7708333333333334,0.7708333333333334,0.0,0.0,0.7558566192569292
90,1,0.0,0.0,0.0,0.0,0.0,0.0,0.7790404040404041,0.779040404040404,0.0,0.0,0.9999971293932206
90,2,0.0,0.0,0.0,0.0,0.0,0.0,0.7872474747474748,0.7872474747474748,0.0,0.0,0.9999970991518201
90,3,0.0,0.0,0.0,0.0,0.0,0.0,0.8181818181818182,0.8181818181818182,0.0,0.0,0.9999969851650028
90,4,0.0,0.0,0.0,0.0,0.0,0.0,0.0,0.0,0.0,0.0,1.0
90,5,0.0,0.0,0.0,0.0,0.0,0.0,0.0,0.0,0.0,0.0,1.0
90,6,0.0,0.0,0.0,0.0,0.0,0.0,0.0,0.0,0.0,0.0,1.0
90,7,0.0,0.0,0.0,0.0,0.0,0.0,0.0,0.0,0.0,0.0,1.0
0,0,0.0,0.0,0.0,0.0,0.0,0.0,0.0,0.0,0.0,0.0,1.0
0,1,0.0,0.0,0.0,0.0,0.0,0.0,0.0,0.0,0.0,0.0,1.0
0,2,0.0,0.0,0.0,0.0,0.0,0.0,0.0,0.0,0.0,0.0,1.0
0,3,0.0,0.0,0.0,1.0,1.0,1.0,0.0,0.0,0.0,0.0,3.466129741003243e-07
0,4,1.0,1.0,1.0,0.0,0.0,0.0,0.9545454545454546,0.9545454545454546,0.0,0.9654046997389034,0.7558559423148119
0,5,0.0,0.0,0.0,0.0,0.0,0.0,0.888888888888889,0.888888888888889,0.0,0.9027415143603134,0.9999967246237071
0,6,0.0,0.0,0.0,0.0,0.0,0.0,0.6748737373737375,0.6748737373737373,0.0,0.6984334203655352,0.9999975132263796
0,7,0.0,0.0,0.0,0.0,0.0,0.0,0.6382575757575758,0.6382575757575758,0.0,0.6618798955613577,0.9999976481495509
10,0,0.0,0.0,0.0,0.0,0.0,0.0,0.0,0.0,0.0,0.0,1.0
10,1,0.0,0.0,0.0,0.0,0.0,0.0,0.0,0.0,0.0,0.0,1.0
10,2,0.0,0.0,0.0,0.0,0.0,0.0,0.0,0.0,0.0,0.0,1.0
10,3,0.0,0.0,0.0,1.0,1.0,1.0,0.0,0.0,0.0,0.0,3.466129741003243e-07
10,4,1.0,1.0,1.0,0.0,0.0,0.0,0.9337121212121213,0.9337121212121212,0.0,0.9530026109660574,0.7558560190814436
10,5,0.0,0.0,0.0,0.0,0.0,0.0,0.8731060606060607,0.8731060606060607,0.0,0.889686684073107,0.9999967827802463
10,6,0.0,0.0,0.0,0.0,0.0,0.0,0.6755050505050506,0.6755050505050505,0.0,0.6997389033942559,0.9999975109001178
10,7,0.0,0.0,0.0,0.0,0.0,0.0,0.6401515151515152,0.6401515151515152,0.0,0.6651436031331592,0.9999976411707663
20,0,0.0,0.0,0.0,0.0,0.0,0.0,0.0,0.0,0.0,0.0,1.0
20,1,0.0,0.0,0.0,0.0,0.0,0.0,0.0,0.0,0.0,0.0,1.0
20,2,0.0,0.0,0.0,0.0,0.0,0.0,0.0,0.0,0.0,0.0,1.0
20,3,0.0,0.0,0.0,1.0,1.0,1.0,0.0,0.0,0.0,0.0,3.466129741003243e-07
20,4,1.0,1.0,1.0,0.0,0.0,0.0,0.9217171717171718,0.9217171717171717,0.0,0.9419060052219321,0.7558560632804137
20,5,0.0,0.0,0.0,0.0,0.0,0.0,0.860479797979798,0.860479797979798,0.0,0.8759791122715405,0.999996829305478
20,6,0.0,0.0,0.0,0.0,0.0,0.0,0.6767676767676768,0.6767676767676768,0.0,0.7016971279373369,0.999997506247595
20,7,0.0,0.0,0.0,0.0,0.0,0.0,0.6433080808080809,0.6433080808080809,0.0,0.6671018276762403,0.9999976295394584
30,0,0.0,0.0,0.0,0.0,0.0,0.0,0.0,0.0,0.0,0.0,1.0
30,1,0.0,0.0,0.0,0.0,0.0,0.0,0.0,0.0,0.0,0.0,1.0
30,2,0.0,0.0,0.0,0.0,0.0,0.0,0.0,0.0,0.0,0.0,1.0
30,3,0.0,0.0,0.0,1.0,1.0,1.0,0.0,0.0,0.0,0.0,3.466129741003243e-07
30,4,1.0,1.0,1.0,0.0,0.0,0.0,0.9109848484848485,0.9109848484848485,0.0,0.9314621409921671,0.7558561028268602
30,5,0.0,0.0,0.0,0.0,0.0,0.0,0.8472222222222223,0.8472222222222223,0.0,0.8629242819843342,0.9999968781569706
30,6,0.0,0.0,0.0,0.0,0.0,0.0,0.6786616161616162,0.6786616161616162,0.0,0.7056135770234987,0.9999974992688103
30,7,0.0,0.0,0.0,0.0,0.0,0.0,0.6452020202020202,0.6452020202020202,0.0,0.6710182767624021,0.9999976225606737
40,0,0.0,0.0,0.0,0.0,0.0,0.0,0.0,0.0,0.0,0.0,1.0
40,1,0.0,0.0,0.0,0.0,0.0,0.0,0.0,0.0,0.0,0.0,1.0
40,2,0.0,0.0,0.0,0.0,0.0,0.0,0.0,0.0,0.0,0.0,1.0
40,3,0.0,0.0,0.0,1.0,1.0,1.0,0.0,0.0,0.0,0.0,3.466129741003243e-07
40,4,1.0,1.0,1.0,0.0,0.0,0.0,0.9008838383838385,0.9008838383838383,0.0,0.8126631853785901,0.7558561400470454
40,5,0.0,0.0,0.0,0.0,0.0,0.0,0.8345959595959597,0.8345959595959597,0.0,0.8498694516971279,0.9999969246822018
40,6,0.0,0.0,0.0,0.0,0.0,0.0,0.682449494949495,0.682449494949495,0.0,0.6990861618798956,0.999997485311241
40,7,0.0,0.0,0.0,0.0,0.0,0.0,0.648989898989899,0.648989898989899,0.0,0.6762402088772846,0.9999976086031039
50,0,0.0,0.0,0.0,0.0,0.0,0.0,0.0,0.0,0.0,0.0,1.0
50,1,0.0,0.0,0.0,0.0,0.0,0.0,0.0,0.0,0.0,0.0,1.0
50,2,0.0,0.0,0.0,0.0,0.0,0.0,0.0,0.0,0.0,0.0,1.0
50,3,0.0,0.0,0.0,1.0,1.0,1.0,0.0,0.0,0.0,0.0,3.466129741003243e-07
50,4,1.0,1.0,1.0,0.0,0.0,0.0,0.7859848484848485,0.7859848484848485,0.0,0.7258485639686684,0.7558565634266516
50,5,0.0,0.0,0.0,0.0,0.0,0.0,0.821969696969697,0.8219696969696969,0.0,0.8426892950391645,0.9999969712074339
50,6,0.0,0.0,0.0,0.0,0.0,0.0,0.6761363636363636,0.6761363636363636,0.0,0.6638381201044387,0.9999975085738564
50,7,0.0,0.0,0.0,0.0,0.0,0.0,0.6540404040404041,0.654040404040404,0.0,0.6781984334203656,0.9999975899930118
60,0,0.0,0.0,0.0,0.0,0.0,0.0,0.0,0.0,0.0,0.0,1.0
60,1,0.0,0.0,0.0,0.0,0.0,0.0,0.0,0.0,0.0,0.0,1.0
60,2,0.0,0.0,0.0,0.0,0.0,0.0,0.0,0.0,0.0,0.0,1.0
60,3,0.0,0.0,0.0,1.0,1.0,1.0,0.0,0.0,0.0,0.0,3.466129741003243e-07
60,4,1.0,1.0,1.0,0.0,0.0,0.0,0.7020202020202021,0.7020202020202021,0.0,0.6768929503916449,0.7558568728194406
60,5,0.0,0.0,0.0,0.0,0.0,0.0,0.8150252525252526,0.8150252525252526,0.0,0.8361618798955613,0.9999969967963107
60,6,0.0,0.0,0.0,0.0,0.0,0.0,0.6420454545454546,0.6420454545454546,0.0,0.6370757180156658,0.9999976341919816
60,7,0.0,0.0,0.0,0.0,0.0,0.0,0.6559343434343435,0.6559343434343434,0.0,0.6788511749347259,0.9999975830142267
70,0,0.0,0.0,0.0,0.0,0.0,0.0,0.0,0.0,0.0,0.0,1.0
70,1,0.0,0.0,0.0,0.0,0.0,0.0,0.0,0.0,0.0,0.0,1.0
70,2,0.0,0.0,0.0,0.0,0.0,0.0,0.0,0.0,0.0,0.0,1.0
70,3,0.0,0.0,0.0,1.0,1.0,1.0,0.0,0.0,0.0,0.0,3.466129741003243e-07
70,4,1.0,1.0,1.0,0.0,0.0,0.0,0.6546717171717172,0.6546717171717171,0.0,0.6272845953002611,0.7558570472890582
70,5,0.0,0.0,0.0,0.0,0.0,0.0,0.8087121212121213,0.8087121212121212,0.0,0.8263707571801566,0.999997020058927
70,6,0.0,0.0,0.0,0.0,0.0,0.0,0.6161616161616162,0.6161616161616162,0.0,0.6201044386422977,0.9999977295687059
70,7,0.0,0.0,0.0,0.0,0.0,0.0,0.6565656565656566,0.6565656565656566,0.0,0.6814621409921671,0.9999975806879653
80,0,0.0,0.0,0.0,0.0,0.0,0.0,0.0,0.0,0.0,0.0,1.0
80,1,0.0,0.0,0.0,0.0,0.0,0.0,0.0,0.0,0.0,0.0,1.0
80,2,0.0,0.0,0.0,0.0,0.0,0.0,0.0,0.0,0.0,0.0,1.0
80,3,0.0,0.0,0.0,1.0,1.0,1.0,0.0,0.0,0.0,0.0,3.466129741003243e-07
80,4,1.0,1.0,1.0,0.0,0.0,0.0,0.6066919191919192,0.6066919191919192,0.0,0.5868146214099217,0.7558572240849379
80,5,0.0,0.0,0.0,0.0,0.0,0.0,0.7992424242424243,0.7992424242424242,0.0,0.8178851174934726,0.9999970549528503
80,6,0.0,0.0,0.0,0.0,0.0,0.0,0.5997474747474748,0.5997474747474748,0.0,0.587467362924282,0.9999977900515069
80,7,0.0,0.0,0.0,0.0,0.0,0.0,0.6590909090909092,0.6590909090909092,0.0,0.6892950391644909,0.9999975713829188
90,0,0.0,0.0,0.0,0.0,0.0,0.0,0.0,0.0,0.0,0.0,1.0
90,1,0.0,0.0,0.0,0.0,0.0,0.0,0.0,0.0,0.0,0.0,1.0
90,2,0.0,0.0,0.0,0.0,0.0,0.0,0.0,0.0,0.0,0.0,1.0
90,3,0.0,0.0,0.0,1.0,1.0,0.0,0.0,0.0,0.0,0.0,3.466129741003243e-07
90,4,1.0,1.0,0.0,0.0,0.0,0.0,0.5675505050505051,0.5675505050505051,0.0,0.0,0.7558573683131558
90,5,0.0,0.0,0.0,0.0,0.0,0.0,0.7910353535353536,0.7910353535353536,0.0,0.0,0.9999970851942508
90,6,0.0,0.0,0.0,0.0,0.0,0.0,0.5681818181818182,0.5681818181818181,0.0,0.0,0.9999979063645852
90,7,0.0,0.0,0.0,0.0,0.0,0.0,0.6666666666666667,0.6666666666666667,0.0,0.0,0.9999975434677801
0,0,0.0,0.0,0.0,0.0,0.0,0.0,0.9097222222222223,0.9097222222222223,0.0,0.9223237597911227,0.999996647857075
0,1,1.0,1.0,1.0,0.0,0.0,0.0,0.9545454545454546,0.9545454545454546,0.0,0.968668407310705,0.7558559423148119
0,2,0.0,0.0,0.0,0.0,0.0,0.0,0.6445707070707071,0.6445707070707071,0.0,0.6684073107049608,0.9999976248869356
0,3,0.0,0.0,0.0,0.0,0.0,0.0,0.6477272727272728,0.6477272727272727,0.0,0.674934725848564,0.9999976132556272
0,4,0.0,0.0,0.0,0.0,0.0,0.0,0.0,0.0,0.0,0.0,1.0
0,5,0.0,0.0,0.0,0.0,0.0,0.0,0.0,0.0,0.0,0.0,1.0
0,6,0.0,0.0,0.0,0.0,0.0,0.0,0.0,0.0,0.0,0.0,1.0
0,7,0.0,0.0,0.0,0.0,0.0,0.0,0.0,0.0,0.0,0.0,1.0
10,0,0.0,0.0,0.0,0.0,0.0,0.0,0.8920454545454546,0.8920454545454546,0.0,0.9086161879895561,0.9999967129923992
10,1,1.0,1.0,1.0,0.0,0.0,0.0,0.936868686868687,0.936868686868687,0.0,0.9556135770234987,0.7558560074501357
10,2,0.0,0.0,0.0,0.0,0.0,0.0,0.6464646464646465,0.6464646464646465,0.0,0.6716710182767625,0.9999976179081504
10,3,0.0,0.0,0.0,0.0,0.0,0.0,0.6527777777777778,0.6527777777777778,0.0,0.6768929503916449,0.9999975946455351
10,4,0.0,0.0,0.0,0.0,0.0,0.0,0.0,0.0,0.0,0.0,1.0
10,5,0.0,0.0,0.0,0.0,0.0,0.0,0.0,0.0,0.0,0.0,1.0
10,6,0.0,0.0,0.0,0.0,0.0,0.0,0.0,0.0,0.0,0.0,1.0
10,7,0.0,0.0,0.0,0.0,0.0,0.0,0.0,0.0,0.0,0.0,1.0
20,0,0.0,0.0,0.0,0.0,0.0,0.0,0.8787878787878789,0.8787878787878788,0.0,0.8949086161879896,0.9999967618438923
20,1,1.0,1.0,1.0,0.0,0.0,0.0,0.9242424242424243,0.924242424242424,0.0,0.9379895561357703,0.7558560539753674
20,2,0.0,0.0,0.0,0.0,0.0,0.0,0.6496212121212122,0.6496212121212122,0.0,0.6723237597911227,0.9999976062768425
20,3,0.0,0.0,0.0,0.0,0.0,0.0,0.6546717171717172,0.6546717171717171,0.0,0.6821148825065274,0.99999758766675
20,4,0.0,0.0,0.0,0.0,0.0,0.0,0.0,0.0,0.0,0.0,1.0
20,5,0.0,0.0,0.0,0.0,0.0,0.0,0.0,0.0,0.0,0.0,1.0
20,6,0.0,0.0,0.0,0.0,0.0,0.0,0.0,0.0,0.0,0.0,1.0
20,7,0.0,0.0,0.0,0.0,0.0,0.0,0.0,0.0,0.0,0.0,1.0
30,0,0.0,0.0,0.0,0.0,0.0,0.0,0.8655303030303031,0.865530303030303,0.0,0.8838120104438643,0.9999968106953849
30,1,1.0,1.0,1.0,0.0,0.0,0.0,0.9071969696969697,0.9071969696969698,0.0,0.9255874673629243,0.7558561167844298
30,2,0.0,0.0,0.0,0.0,0.0,0.0,0.6502525252525253,0.6502525252525253,0.0,0.6742819843342036,0.9999976039505811
30,3,0.0,0.0,0.0,0.0,0.0,0.0,0.6597222222222223,0.6597222222222223,0.0,0.685378590078329,0.9999975690566574
30,4,0.0,0.0,0.0,0.0,0.0,0.0,0.0,0.0,0.0,0.0,1.0
30,5,0.0,0.0,0.0,0.0,0.0,0.0,0.0,0.0,0.0,0.0,1.0
30,6,0.0,0.0,0.0,0.0,0.0,0.0,0.0,0.0,0.0,0.0,1.0
30,7,0.0,0.0,0.0,0.0,0.0,0.0,0.0,0.0,0.0,0.0,1.0
40,0,0.0,0.0,0.0,0.0,0.0,0.0,0.8547979797979799,0.8547979797979798,0.0,0.8766318537859008,0.9999968502418315
40,1,1.0,1.0,1.0,0.0,0.0,0.0,0.8952020202020203,0.8952020202020202,0.0,0.9171018276762403,0.7558561609833996
40,2,0.0,0.0,0.0,0.0,0.0,0.0,0.6521464646464648,0.6521464646464646,0.0,0.6755874673629243,0.9999975969717965
40,3,0.0,0.0,0.0,0.0,0.0,0.0,0.662878787878788,0.662878787878788,0.0,0.685378590078329,0.9999975574253503
40,4,0.0,0.0,0.0,0.0,0.0,0.0,0.0,0.0,0.0,0.0,1.0
40,5,0.0,0.0,0.0,0.0,0.0,0.0,0.0,0.0,0.0,0.0,1.0
40,6,0.0,0.0,0.0,0.0,0.0,0.0,0.0,0.0,0.0,0.0,1.0
40,7,0.0,0.0,0.0,0.0,0.0,0.0,0.0,0.0,0.0,0.0,1.0
50,0,0.0,0.0,0.0,0.0,0.0,0.0,0.8478535353535355,0.8478535353535355,0.0,0.8635770234986945,0.9999968758307092
50,1,1.0,1.0,1.0,0.0,0.0,0.0,0.8869949494949496,0.8869949494949496,0.0,0.9040469973890339,0.7558561912248001
50,2,0.0,0.0,0.0,0.0,0.0,0.0,0.6534090909090909,0.6534090909090909,0.0,0.6775456919060052,0.9999975923192732
50,3,0.0,0.0,0.0,0.0,0.0,0.0,0.662878787878788,0.662878787878788,0.0,0.6879895561357703,0.9999975574253503
50,4,0.0,0.0,0.0,0.0,0.0,0.0,0.0,0.0,0.0,0.0,1.0
50,5,0.0,0.0,0.0,0.0,0.0,0.0,0.0,0.0,0.0,0.0,1.0
50,6,0.0,0.0,0.0,0.0,0.0,0.0,0.0,0.0,0.0,0.0,1.0
50,7,0.0,0.0,0.0,0.0,0.0,0.0,0.0,0.0,0.0,0.0,1.0
60,0,0.0,0.0,0.0,0.0,0.0,0.0,0.8352272727272728,0.8352272727272727,0.0,0.8570496083550914,0.9999969223559404
60,1,1.0,1.0,1.0,0.0,0.0,0.0,0.874368686868687,0.874368686868687,0.0,0.8968668407310705,0.7558562377500313
60,2,0.0,0.0,0.0,0.0,0.0,0.0,0.6553030303030304,0.6553030303030303,0.0,0.6781984334203656,0.9999975853404881
60,3,0.0,0.0,0.0,0.0,0.0,0.0,0.6654040404040404,0.6654040404040404,0.0,0.6886422976501305,0.999997548120303
60,4,0.0,0.0,0.0,0.0,0.0,0.0,0.0,0.0,0.0,0.0,1.0
60,5,0.0,0.0,0.0,0.0,0.0,0.0,0.0,0.0,0.0,0.0,1.0
60,6,0.0,0.0,0.0,0.0,0.0,0.0,0.0,0.0,0.0,0.0,1.0
60,7,0.0,0.0,0.0,0.0,0.0,0.0,0.0,0.0,0.0,0.0,1.0
70,0,0.0,0.0,0.0,0.0,0.0,0.0,0.8289141414141414,0.8289141414141414,0.0,0.8459530026109661,0.9999969456185562
70,1,1.0,1.0,1.0,0.0,0.0,0.0,0.8674242424242425,0.8674242424242425,0.0,0.8883812010443864,0.7558562633389088
70,2,0.0,0.0,0.0,0.0,0.0,0.0,0.6559343434343435,0.6559343434343434,0.0,0.6801566579634465,0.9999975830142267
70,3,0.0,0.0,0.0,0.0,0.0,0.0,0.6660353535353536,0.6660353535353536,0.0,0.6892950391644909,0.9999975457940415
70,4,0.0,0.0,0.0,0.0,0.0,0.0,0.0,0.0,0.0,0.0,1.0
70,5,0.0,0.0,0.0,0.0,0.0,0.0,0.0,0.0,0.0,0.0,1.0
70,6,0.0,0.0,0.0,0.0,0.0,0.0,0.0,0.0,0.0,0.0,1.0
70,7,0.0,0.0,0.0,0.0,0.0,0.0,0.0,0.0,0.0,0.0,1.0
80,0,0.0,0.0,0.0,0.0,0.0,0.0,0.8181818181818182,0.8181818181818182,0.0,0.835509138381201,0.9999969851650028
80,1,1.0,1.0,1.0,0.0,0.0,0.0,0.8592171717171718,0.8592171717171717,0.0,0.8759791122715405,0.7558562935803093
80,2,0.0,0.0,0.0,0.0,0.0,0.0,0.6578282828282829,0.6578282828282829,0.0,0.6834203655352481,0.999997576035442
80,3,0.0,0.0,0.0,0.0,0.0,0.0,0.6666666666666667,0.6666666666666667,0.0,0.6912532637075718,0.9999975434677801
80,4,0.0,0.0,0.0,0.0,0.0,0.0,0.0,0.0,0.0,0.0,1.0
80,5,0.0,0.0,0.0,0.0,0.0,0.0,0.0,0.0,0.0,0.0,1.0
80,6,0.0,0.0,0.0,0.0,0.0,0.0,0.0,0.0,0.0,0.0,1.0
80,7,0.0,0.0,0.0,0.0,0.0,0.0,0.0,0.0,0.0,0.0,1.0
90,0,0.0,0.0,0.0,0.0,0.0,0.0,0.8080808080808082,0.8080808080808082,0.0,0.0,0.9999970223851884
90,1,1.0,1.0,0.0,0.0,0.0,0.0,0.8472222222222223,0.8472222222222223,0.0,0.0,0.7558563377792789
90,2,0.0,0.0,0.0,0.0,0.0,0.0,0.6609848484848485,0.6609848484848485,0.0,0.0,0.9999975644041346
90,3,0.0,0.0,0.0,0.0,0.0,0.0,0.6685606060606061,0.6685606060606061,0.0,0.0,0.9999975364889955
90,4,0.0,0.0,0.0,0.0,0.0,0.0,0.0,0.0,0.0,0.0,1.0
90,5,0.0,0.0,0.0,0.0,0.0,0.0,0.0,0.0,0.0,0.0,1.0
90,6,0.0,0.0,0.0,0.0,0.0,0.0,0.0,0.0,0.0,0.0,1.0
90,7,0.0,0.0,0.0,0.0,0.0,0.0,0.0,0.0,0.0,0.0,1.0
0,0,1.0,1.0,1.0,0.0,0.0,0.0,0.8787878787878789,0.8787878787878788,0.0,0.7558746736292429,0.7558562214662004
0,1,0.0,0.0,0.0,0.0,0.0,0.0,0.8226010101010102,0.82260101010101,0.0,0.839425587467363,0.9999969688811721
0,2,0.0,0.0,0.0,0.0,0.0,0.0,0.7651515151515152,0.7651515151515152,0.0,0.7101827676240209,0.9999971805709746
0,3,0.0,0.0,0.0,0.0,0.0,0.0,0.6900252525252526,0.6900252525252526,0.0,0.7147519582245431,0.9999974573961019
0,4,0.0,0.0,0.0,0.0,0.0,0.0,0.0,0.0,0.0,0.0,1.0
0,5,0.0,0.0,0.0,0.0,0.0,0.0,0.0,0.0,0.0,0.0,1.0
0,6,0.0,0.0,0.0,0.0,0.0,0.0,0.0,0.0,0.0,0.0,1.0
0,7,0.0,0.0,0.0,0.0,0.0,0.0,0.0,0.0,0.0,0.0,1.0
10,0,1.0,1.0,1.0,0.0,0.0,0.0,0.7310606060606061,0.7310606060606061,0.0,0.7134464751958225,0.7558567658114084
10,1,0.0,0.0,0.0,0.0,0.0,0.0,0.811868686868687,0.8118686868686869,0.0,0.8296344647519582,0.9999970084276186
10,2,0.0,0.0,0.0,0.0,0.0,0.0,0.686868686868687,0.6868686868686869,0.0,0.6827676240208878,0.9999974690274103
10,3,0.0,0.0,0.0,0.0,0.0,0.0,0.6912878787878789,0.6912878787878787,0.0,0.7160574412532638,0.9999974527435791
10,4,0.0,0.0,0.0,0.0,0.0,0.0,0.0,0.0,0.0,0.0,1.0
10,5,0.0,0.0,0.0,0.0,0.0,0.0,0.0,0.0,0.0,0.0,1.0
10,6,0.0,0.0,0.0,0.0,0.0,0.0,0.0,0.0,0.0,0.0,1.0
10,7,0.0,0.0,0.0,0.0,0.0,0.0,0.0,0.0,0.0,0.0,1.0
20,0,1.0,1.0,1.0,0.0,0.0,0.0,0.6900252525252526,0.6900252525252526,0.0,0.6821148825065274,0.7558569170184104
20,1,0.0,0.0,0.0,0.0,0.0,0.0,0.80239898989899,0.8023989898989898,0.0,0.8211488250652742,0.9999970433215424
20,2,0.0,0.0,0.0,0.0,0.0,0.0,0.6603535353535354,0.6603535353535354,0.0,0.6703655352480418,0.999997566730396
20,3,0.0,0.0,0.0,0.0,0.0,0.0,0.6925505050505051,0.692550505050505,0.0,0.7134464751958225,0.9999974480910558
20,4,0.0,0.0,0.0,0.0,0.0,0.0,0.0,0.0,0.0,0.0,1.0
20,5,0.0,0.0,0.0,0.0,0.0,0.0,0.0,0.0,0.0,0.0,1.0
20,6,0.0,0.0,0.0,0.0,0.0,0.0,0.0,0.0,0.0,0.0,1.0
20,7,0.0,0.0,0.0,0.0,0.0,0.0,0.0,0.0,0.0,0.0,1.0
30,0,1.0,1.0,1.0,0.0,0.0,0.0,0.6597222222222223,0.6597222222222223,0.0,0.6618798955613577,0.7558570286789659
30,1,0.0,0.0,0.0,0.0,0.0,0.0,0.7941919191919192,0.7941919191919192,0.0,0.8100522193211488,0.9999970735629429
30,2,0.0,0.0,0.0,0.0,0.0,0.0,0.648358585858586,0.6483585858585859,0.0,0.6527415143603134,0.9999976109293658
30,3,0.0,0.0,0.0,0.0,0.0,0.0,0.6900252525252526,0.6900252525252526,0.0,0.7023498694516971,0.9999974573961019
30,4,0.0,0.0,0.0,0.0,0.0,0.0,0.0,0.0,0.0,0.0,1.0
30,5,0.0,0.0,0.0,0.0,0.0,0.0,0.0,0.0,0.0,0.0,1.0
30,6,0.0,0.0,0.0,0.0,0.0,0.0,0.0,0.0,0.0,0.0,1.0
30,7,0.0,0.0,0.0,0.0,0.0,0.0,0.0,0.0,0.0,0.0,1.0
40,0,1.0,1.0,1.0,0.0,0.0,0.0,0.6401515151515152,0.6401515151515152,0.0,0.6331592689295039,0.7558571007930748
40,1,0.0,0.0,0.0,0.0,0.0,0.0,0.783459595959596,0.783459595959596,0.0,0.7943864229765013,0.9999971131093894
40,2,0.0,0.0,0.0,0.0,0.0,0.0,0.6313131313131314,0.6313131313131314,0.0,0.6364229765013055,0.9999976737384282
40,3,0.0,0.0,0.0,0.0,0.0,0.0,0.6792929292929294,0.6792929292929294,0.0,0.7030026109660574,0.9999974969425489
40,4,0.0,0.0,0.0,0.0,0.0,0.0,0.0,0.0,0.0,0.0,1.0
40,5,0.0,0.0,0.0,0.0,0.0,0.0,0.0,0.0,0.0,0.0,1.0
40,6,0.0,0.0,0.0,0.0,0.0,0.0,0.0,0.0,0.0,0.0,1.0
40,7,0.0,0.0,0.0,0.0,0.0,0.0,0.0,0.0,0.0,0.0,1.0
50,0,1.0,1.0,1.0,0.0,0.0,0.0,0.6123737373737375,0.6123737373737373,0.0,0.6135770234986945,0.7558572031485837
50,1,0.0,0.0,0.0,0.0,0.0,0.0,0.7683080808080809,0.7683080808080809,0.0,0.7819843342036553,0.9999971689396672
50,2,0.0,0.0,0.0,0.0,0.0,0.0,0.6155303030303031,0.6155303030303031,0.0,0.6253263707571801,0.9999977318949673
50,3,0.0,0.0,0.0,0.0,0.0,0.0,0.6799242424242424,0.6799242424242427,0.0,0.7016971279373369,0.9999974946162871
50,4,0.0,0.0,0.0,0.0,0.0,0.0,0.0,0.0,0.0,0.0,1.0
50,5,0.0,0.0,0.0,0.0,0.0,0.0,0.0,0.0,0.0,0.0,1.0
50,6,0.0,0.0,0.0,0.0,0.0,0.0,0.0,0.0,0.0,0.0,1.0
50,7,0.0,0.0,0.0,0.0,0.0,0.0,0.0,0.0,0.0,0.0,1.0
60,0,1.0,1.0,1.0,0.0,0.0,0.0,0.5934343434343435,0.5934343434343434,0.0,0.5881201044386423,0.7558572729364308
60,1,0.0,0.0,0.0,0.0,0.0,0.0,0.7563131313131314,0.7563131313131313,0.0,0.7643603133159269,0.999997213138637
60,2,0.0,0.0,0.0,0.0,0.0,0.0,0.6047979797979799,0.6047979797979798,0.0,0.610313315926893,0.9999977714414143
60,3,0.0,0.0,0.0,0.0,0.0,0.0,0.6786616161616162,0.6786616161616162,0.0,0.693864229765013,0.9999974992688103
60,4,0.0,0.0,0.0,0.0,0.0,0.0,0.0,0.0,0.0,0.0,1.0
60,5,0.0,0.0,0.0,0.0,0.0,0.0,0.0,0.0,0.0,0.0,1.0
60,6,0.0,0.0,0.0,0.0,0.0,0.0,0.0,0.0,0.0,0.0,1.0
60,7,0.0,0.0,0.0,0.0,0.0,0.0,0.0,0.0,0.0,0.0,1.0
70,0,1.0,1.0,1.0,0.0,0.0,0.0,0.5688131313131314,0.5688131313131313,0.0,0.5659268929503917,0.755857363660632
70,1,0.0,0.0,0.0,0.0,0.0,0.0,0.7392676767676768,0.7392676767676768,0.0,0.7460835509138382,0.9999972759476994
70,2,0.0,0.0,0.0,0.0,0.0,0.0,0.5902777777777778,0.5902777777777778,0.0,0.589425587467363,0.9999978249454302
70,3,0.0,0.0,0.0,0.0,0.0,0.0,0.6710858585858587,0.6710858585858586,0.0,0.685378590078329,0.9999975271839494
70,4,0.0,0.0,0.0,0.0,0.0,0.0,0.0,0.0,0.0,0.0,1.0
70,5,0.0,0.0,0.0,0.0,0.0,0.0,0.0,0.0,0.0,0.0,1.0
70,6,0.0,0.0,0.0,0.0,0.0,0.0,0.0,0.0,0.0,0.0,1.0
70,7,0.0,0.0,0.0,0.0,0.0,0.0,0.0,0.0,0.0,0.0,1.0
80,0,1.0,1.0,1.0,0.0,0.0,0.0,0.5473484848484849,0.5473484848484849,0.0,0.5267624020887729,0.7558574427535256
80,1,0.0,0.0,0.0,0.0,0.0,0.0,0.7215909090909092,0.7215909090909092,0.0,0.7336814621409922,0.9999973410830236
80,2,0.0,0.0,0.0,0.0,0.0,0.0,0.5700757575757576,0.5700757575757576,0.0,0.566579634464752,0.9999978993858005
80,3,0.0,0.0,0.0,0.0,0.0,0.0,0.662878787878788,0.662878787878788,0.0,0.6762402088772846,0.9999975574253503
80,4,0.0,0.0,0.0,0.0,0.0,0.0,0.0,0.0,0.0,0.0,1.0
80,5,0.0,0.0,0.0,0.0,0.0,0.0,0.0,0.0,0.0,0.0,1.0
80,6,0.0,0.0,0.0,0.0,0.0,0.0,0.0,0.0,0.0,0.0,1.0
80,7,0.0,0.0,0.0,0.0,0.0,0.0,0.0,0.0,0.0,0.0,1.0
90,0,1.0,1.0,0.0,0.0,0.0,0.0,0.509469696969697,0.5094696969696969,0.0,0.0,0.7558575823292197
90,1,0.0,0.0,0.0,0.0,0.0,0.0,0.7095959595959597,0.7095959595959597,0.0,0.0,0.9999973852819934
90,2,0.0,0.0,0.0,0.0,0.0,0.0,0.547979797979798,0.547979797979798,0.0,0.0,0.9999979808049555
90,3,0.0,0.0,0.0,0.0,0.0,0.0,0.6540404040404041,0.654040404040404,0.0,0.0,0.9999975899930118
90,4,0.0,0.0,0.0,0.0,0.0,0.0,0.0,0.0,0.0,0.0,1.0
90,5,0.0,0.0,0.0,0.0,0.0,0.0,0.0,0.0,0.0,0.0,1.0
90,6,0.0,0.0,0.0,0.0,0.0,0.0,0.0,0.0,0.0,0.0,1.0
90,7,0.0,0.0,0.0,0.0,0.0,0.0,0.0,0.0,0.0,0.0,1.0
0,0,0.0,0.0,0.0,0.0,0.0,0.0,0.01388888888888889,0.013888888888888892,0.0,0.018276762402088774,0.9999999488222451
0,1,0.0,0.0,0.0,0.0,0.0,0.0,0.006944444444444445,0.006944444444444446,0.0,0.013054830287206266,0.9999999744111228
0,2,0.0,0.0,0.0,0.0,0.0,0.0,0.016414141414141416,0.016414141414141416,0.0,0.022193211488250653,0.9999999395171995
0,3,0.0,0.0,0.0,1.0,1.0,1.0,0.005050505050505051,0.005050505050505051,0.0,0.010443864229765013,3.280028813001934e-07
0,4,1.0,1.0,1.0,0.0,0.0,0.0,0.8440656565656567,0.8440656565656566,0.0,0.7193211488250653,0.7558563494105868
0,5,0.0,0.0,0.0,0.0,0.0,0.0,0.7361111111111112,0.7361111111111112,0.0,0.7663185378590078,0.9999972875790077
0,6,0.0,0.0,0.0,0.0,0.0,0.0,0.8011363636363638,0.8011363636363636,0.0,0.7003916449086162,0.9999970479740656
0,7,0.0,0.0,0.0,0.0,0.0,0.0,0.7329545454545455,0.7329545454545454,0.0,0.7565274151436031,0.9999972992103152
10,0,0.0,0.0,0.0,0.0,0.0,0.0,0.01767676767676768,0.01767676767676768,0.0,0.022845953002610966,0.9999999348646758
10,1,0.0,0.0,0.0,0.0,0.0,0.0,0.012626262626262628,0.012626262626262628,0.0,0.018276762402088774,0.9999999534747683
10,2,0.0,0.0,0.0,0.0,0.0,0.0,0.021464646464646468,0.021464646464646468,0.0,0.03133159268929504,0.999999920907106
10,3,0.0,0.0,0.0,1.0,1.0,1.0,0.010101010101010102,0.010101010101010105,0.0,0.016318537859007835,3.093927891661963e-07
10,4,1.0,1.0,1.0,0.0,0.0,0.0,0.6957070707070707,0.6957070707070707,0.0,0.6736292428198434,0.7558568960820562
10,5,0.0,0.0,0.0,0.0,0.0,0.0,0.7411616161616162,0.7411616161616162,0.0,0.7610966057441253,0.9999972689689147
10,6,0.0,0.0,0.0,0.0,0.0,0.0,0.67739898989899,0.6773989898989898,0.0,0.6573107049608355,0.9999975039213331
10,7,0.0,0.0,0.0,0.0,0.0,0.0,0.7316919191919192,0.7316919191919192,0.0,0.7506527415143603,0.9999973038628385
20,0,0.0,0.0,0.0,0.0,0.0,0.0,0.0220959595959596,0.022095959595959596,0.0,0.0293733681462141,0.9999999185808446
20,1,0.0,0.0,0.0,0.0,0.0,0.0,0.01767676767676768,0.01767676767676768,0.0,0.02349869451697128,0.9999999348646758
20,2,0.0,0.0,0.0,0.0,0.0,0.0,0.030303030303030304,0.030303030303030304,0.0,0.03590078328981723,0.9999998883394441
20,3,0.0,0.0,0.0,1.0,1.0,1.0,0.015782828282828284,0.015782828282828284,0.0,0.018276762402088774,2.88456434960338e-07
20,4,1.0,1.0,1.0,0.0,0.0,0.0,0.6515151515151516,0.6515151515151515,0.0,0.6442558746736292,0.7558570589203659
20,5,0.0,0.0,0.0,0.0,0.0,0.0,0.7361111111111112,0.7361111111111112,0.0,0.7558746736292429,0.9999972875790077
20,6,0.0,0.0,0.0,0.0,0.0,0.0,0.6357323232323233,0.6357323232323232,0.0,0.6298955613577023,0.999997657454597
20,7,0.0,0.0,0.0,0.0,0.0,0.0,0.7260101010101011,0.7260101010101011,0.0,0.7486945169712794,0.9999973247991925
30,0,0.0,0.0,0.0,0.0,0.0,0.0,0.02840909090909091,0.02840909090909091,0.0,0.03524804177545692,0.9999998953182287
30,1,0.0,0.0,0.0,0.0,0.0,0.0,0.022727272727272728,0.022727272727272728,0.0,0.02610966057441253,0.9999999162545832
30,2,0.0,0.0,0.0,0.0,0.0,0.0,0.034722222222222224,0.034722222222222224,0.0,0.04177545691906005,0.9999998720556134
30,3,0.0,0.0,0.0,1.0,1.0,1.0,0.01767676767676768,0.01767676767676768,0.0,0.02349869451697128,2.814776502990668e-07
30,4,1.0,1.0,1.0,0.0,0.0,0.0,0.6231060606060607,0.6231060606060607,0.0,0.6077023498694517,0.7558571636021372
30,5,0.0,0.0,0.0,0.0,0.0,0.0,0.7310606060606061,0.7310606060606061,0.0,0.7532637075718016,0.9999973061890999
30,6,0.0,0.0,0.0,0.0,0.0,0.0,0.6092171717171718,0.6092171717171717,0.0,0.6063968668407311,0.9999977551575832
30,7,0.0,0.0,0.0,0.0,0.0,0.0,0.7241161616161617,0.7241161616161617,0.0,0.7434725848563969,0.9999973317779776
40,0,0.0,0.0,0.0,0.0,0.0,0.0,0.034090909090909095,0.03409090909090909,0.0,0.0391644908616188,0.9999998743818748
40,1,0.0,0.0,0.0,0.0,0.0,0.0,0.025252525252525256,0.025252525252525256,0.0,0.03198433420365535,0.9999999069495371
40,2,0.0,0.0,0.0,0.0,0.0,0.0,0.04040404040404041,0.040404040404040414,0.0,0.04634464751958225,0.9999998511192589
40,3,0.0,0.0,0.0,1.0,1.0,1.0,0.022727272727272728,0.022727272727272728,0.0,0.030678851174934726,2.6286755772098047e-07
40,4,1.0,1.0,1.0,0.0,0.0,0.0,0.5877525252525253,0.5877525252525253,0.0,0.5868146214099217,0.755857293872785
40,5,0.0,0.0,0.0,0.0,0.0,0.0,0.7285353535353536,0.7285353535353536,0.0,0.7473890339425587,0.9999973154941459
40,6,0.0,0.0,0.0,0.0,0.0,0.0,0.586489898989899,0.586489898989899,0.0,0.5822454308093995,0.9999978389029995
40,7,0.0,0.0,0.0,0.0,0.0,0.0,0.7190656565656566,0.7190656565656566,0.0,0.7362924281984334,0.9999973503880701
50,0,0.0,0.0,0.0,0.0,0.0,0.0,0.03787878787878788,0.03787878787878788,0.0,0.04308093994778068,0.9999998604243054
50,1,0.0,0.0,0.0,0.0,0.0,0.0,0.030934343434343436,0.030934343434343436,0.0,0.03590078328981723,0.9999998860131827
50,2,0.0,0.0,0.0,0.0,0.0,0.0,0.04482323232323233,0.04482323232323232,0.0,0.04960835509138381,0.9999998348354282
50,3,0.0,0.0,0.0,1.0,1.0,1.0,0.029671717171717175,0.029671717171717182,0.0,0.03524804177545692,2.3727868070366753e-07
50,4,1.0,1.0,1.0,0.0,0.0,0.0,0.5675505050505051,0.5675505050505051,0.0,0.5659268929503917,0.7558573683131558
50,5,0.0,0.0,0.0,0.0,0.0,0.0,0.7228535353535355,0.7228535353535355,0.0,0.7454308093994778,0.9999973364305004
50,6,0.0,0.0,0.0,0.0,0.0,0.0,0.5631313131313131,0.5631313131313131,0.0,0.5600522193211488,0.9999979249746782
50,7,0.0,0.0,0.0,0.0,0.0,0.0,0.7121212121212122,0.7121212121212122,0.0,0.7330287206266318,0.9999973759769469
60,0,0.0,0.0,0.0,0.0,0.0,0.0,0.04166666666666667,0.04166666666666667,0.0,0.050913838120104436,0.9999998464667361
60,1,0.0,0.0,0.0,0.0,0.0,0.0,0.034722222222222224,0.034722222222222224,0.0,0.038511749347258484,0.9999998720556134
60,2,0.0,0.0,0.0,0.0,0.0,0.0,0.04797979797979798,0.04797979797979798,0.0,0.05483028720626632,0.9999998232041203
60,3,0.0,0.0,0.0,1.0,1.0,1.0,0.034090909090909095,0.03409090909090909,0.0,0.0391644908616188,2.2099484930926394e-07
60,4,1.0,1.0,1.0,0.0,0.0,0.0,0.5473484848484849,0.5473484848484849,0.0,0.5463446475195822,0.7558574427535256
60,5,0.0,0.0,0.0,0.0,0.0,0.0,0.720959595959596,0.720959595959596,0.0,0.7428198433420365,0.999997343409285
60,6,0.0,0.0,0.0,0.0,0.0,0.0,0.5416666666666667,0.5416666666666667,0.0,0.5359007832898173,0.9999980040675713
60,7,0.0,0.0,0.0,0.0,0.0,0.0,0.7089646464646465,0.7089646464646465,0.0,0.72911227154047,0.9999973876082549
70,0,0.0,0.0,0.0,0.0,0.0,0.0,0.04924242424242425,0.04924242424242427,0.0,0.05483028720626632,0.9999998185515975
70,1,0.0,0.0,0.0,0.0,0.0,0.0,0.03724747474747475,0.03724747474747475,0.0,0.04242819843342037,0.9999998627505673
70,2,0.0,0.0,0.0,0.0,0.0,0.0,0.05303030303030303,0.05303030303030304,0.0,0.057441253263707574,0.9999998045940277
70,3,0.0,0.0,0.0,1.0,1.0,1.0,0.03787878787878788,0.03787878787878788,0.0,0.043733681462140996,2.070372799867215e-07
70,4,1.0,1.0,1.0,0.0,0.0,0.0,0.5284090909090909,0.5284090909090909,0.0,0.5274151436031331,0.7558575125413727
70,5,0.0,0.0,0.0,0.0,0.0,0.0,0.7184343434343435,0.7184343434343434,0.0,0.7389033942558747,0.9999973527143311
70,6,0.0,0.0,0.0,0.0,0.0,0.0,0.5183080808080809,0.5183080808080809,0.0,0.5215404699738904,0.9999980901392496
70,7,0.0,0.0,0.0,0.0,0.0,0.0,0.7051767676767677,0.7051767676767677,0.0,0.7245430809399478,0.9999974015658242
80,0,0.0,0.0,0.0,0.0,0.0,0.0,0.05303030303030303,0.05303030303030304,0.0,0.0587467362924282,0.9999998045940277
80,1,0.0,0.0,0.0,0.0,0.0,0.0,0.041035353535353536,0.041035353535353536,0.0,0.04699738903394256,0.9999998487929975
80,2,0.0,0.0,0.0,0.0,0.0,0.0,0.05555555555555556,0.055555555555555566,0.0,0.06201044386422976,0.9999997952889816
80,3,0.0,0.0,0.0,1.0,1.0,1.0,0.0422979797979798,0.0422979797979798,0.0,0.04569190600522193,1.9075344881436251e-07
80,4,1.0,1.0,1.0,0.0,0.0,0.0,0.5101010101010102,0.5101010101010102,0.0,0.5097911227154047,0.7558575800029581
80,5,0.0,0.0,0.0,0.0,0.0,0.0,0.7146464646464648,0.7146464646464646,0.0,0.7343342036553525,0.9999973666719009
80,6,0.0,0.0,0.0,0.0,0.0,0.0,0.5044191919191919,0.5044191919191919,0.0,0.5,0.999998141317004
80,7,0.0,0.0,0.0,0.0,0.0,0.0,0.7007575757575758,0.7007575757575758,0.0,0.7219321148825065,0.9999974178496553
90,0,0.0,0.0,0.0,0.0,0.0,0.0,0.05681818181818182,0.05681818181818182,0.0,0.0,0.9999997906364584
90,1,0.0,0.0,0.0,0.0,0.0,0.0,0.045454545454545456,0.045454545454545456,0.0,0.0,0.9999998325091668
90,2,0.0,0.0,0.0,0.0,0.0,0.0,0.05997474747474748,0.059974747474747486,0.0,0.0,0.9999997790051505
90,3,0.0,0.0,0.0,1.0,1.0,0.0,0.0441919191919192,0.04419191919191919,0.0,0.0,1.837746641530913e-07
90,4,1.0,1.0,0.0,0.0,0.0,0.0,0.4930555555555556,0.49305555555555564,0.0,0.0,0.7558576428120205
90,5,0.0,0.0,0.0,0.0,0.0,0.0,0.7102272727272728,0.7102272727272727,0.0,0.0,0.9999973829557316
90,6,0.0,0.0,0.0,0.0,0.0,0.0,0.4835858585858586,0.48358585858585856,0.0,0.0,0.9999982180836362
90,7,0.0,0.0,0.0,0.0,0.0,0.0,0.6982323232323233,0.6982323232323232,0.0,0.0,0.9999974271547014
0,0,0.0,0.0,0.0,0.0,0.0,0.0,0.0,0.0,0.0,0.0,1.0
0,1,0.0,0.0,0.0,0.0,0.0,0.0,0.0,0.0,0.0,0.0,1.0
0,2,0.0,0.0,0.0,0.0,0.0,0.0,0.0,0.0,0.0,0.0,1.0
0,3,0.0,0.0,0.0,1.0,1.0,1.0,0.0,0.0,0.0,0.0,3.466129741003243e-07
0,4,1.0,1.0,1.0,0.0,0.0,0.0,0.9532828282828284,0.9532828282828284,0.0,0.762402088772846,0.7558559469673347
0,5,0.0,0.0,0.0,0.0,0.0,0.0,0.8731060606060607,0.8731060606060607,0.0,0.8968668407310705,0.9999967827802463
0,6,0.0,0.0,0.0,0.0,0.0,0.0,0.6944444444444445,0.6944444444444444,0.0,0.6755874673629243,0.9999974411122712
0,7,0.0,0.0,0.0,0.0,0.0,0.0,0.6357323232323233,0.6357323232323232,0.0,0.6631853785900783,0.999997657454597
10,0,0.0,0.0,0.0,0.0,0.0,0.0,0.0,0.0,0.0,0.0,1.0
10,1,0.0,0.0,0.0,0.0,0.0,0.0,0.0,0.0,0.0,0.0,1.0
10,2,0.0,0.0,0.0,0.0,0.0,0.0,0.0,0.0,0.0,0.0,1.0
10,3,0.0,0.0,0.0,1.0,1.0,1.0,0.0,0.0,0.0,0.0,3.466129741003243e-07
10,4,1.0,1.0,1.0,0.0,0.0,0.0,0.7373737373737375,0.7373737373737373,0.0,0.7049608355091384,0.7558567425487923
10,5,0.0,0.0,0.0,0.0,0.0,0.0,0.8674242424242425,0.8674242424242425,0.0,0.8883812010443864,0.9999968037166003
10,6,0.0,0.0,0.0,0.0,0.0,0.0,0.6534090909090909,0.6534090909090909,0.0,0.6468668407310705,0.9999975923192732
10,7,0.0,0.0,0.0,0.0,0.0,0.0,0.6414141414141414,0.6414141414141414,0.0,0.664490861618799,0.999997636518243
20,0,0.0,0.0,0.0,0.0,0.0,0.0,0.0,0.0,0.0,0.0,1.0
20,1,0.0,0.0,0.0,0.0,0.0,0.0,0.0,0.0,0.0,0.0,1.0
20,2,0.0,0.0,0.0,0.0,0.0,0.0,0.0,0.0,0.0,0.0,1.0
20,3,0.0,0.0,0.0,1.0,1.0,1.0,0.0,0.0,0.0,0.0,3.466129741003243e-07
20,4,1.0,1.0,1.0,0.0,0.0,0.0,0.6818181818181819,0.6818181818181819,0.0,0.6573107049608355,0.7558569472598109
20,5,0.0,0.0,0.0,0.0,0.0,0.0,0.8592171717171718,0.8592171717171717,0.0,0.8759791122715405,0.9999968339580008
20,6,0.0,0.0,0.0,0.0,0.0,0.0,0.6256313131313131,0.6256313131313133,0.0,0.6240208877284595,0.9999976946747822
20,7,0.0,0.0,0.0,0.0,0.0,0.0,0.6426767676767677,0.6426767676767677,0.0,0.6690600522193212,0.9999976318657202
30,0,0.0,0.0,0.0,0.0,0.0,0.0,0.0,0.0,0.0,0.0,1.0
30,1,0.0,0.0,0.0,0.0,0.0,0.0,0.0,0.0,0.0,0.0,1.0
30,2,0.0,0.0,0.0,0.0,0.0,0.0,0.0,0.0,0.0,0.0,1.0
30,3,0.0,0.0,0.0,1.0,1.0,1.0,0.0,0.0,0.0,0.0,3.466129741003243e-07
30,4,1.0,1.0,1.0,0.0,0.0,0.0,0.6357323232323233,0.6357323232323232,0.0,0.6181462140992168,0.7558571170769053
30,5,0.0,0.0,0.0,0.0,0.0,0.0,0.8472222222222223,0.8472222222222223,0.0,0.8596605744125326,0.9999968781569706
30,6,0.0,0.0,0.0,0.0,0.0,0.0,0.6035353535353536,0.6035353535353536,0.0,0.6037859007832899,0.9999977760939376
30,7,0.0,0.0,0.0,0.0,0.0,0.0,0.6470959595959597,0.6470959595959597,0.0,0.672976501305483,0.9999976155818886
40,0,0.0,0.0,0.0,0.0,0.0,0.0,0.0,0.0,0.0,0.0,1.0
40,1,0.0,0.0,0.0,0.0,0.0,0.0,0.0,0.0,0.0,0.0,1.0
40,2,0.0,0.0,0.0,0.0,0.0,0.0,0.0,0.0,0.0,0.0,1.0
40,3,0.0,0.0,0.0,1.0,1.0,1.0,0.0,0.0,0.0,0.0,3.466129741003243e-07
40,4,1.0,1.0,1.0,0.0,0.0,0.0,0.5978535353535354,0.5978535353535354,0.0,0.5802872062663186,0.7558572566525998
40,5,0.0,0.0,0.0,0.0,0.0,0.0,0.831439393939394,0.831439393939394,0.0,0.8505221932114883,0.9999969363135102
40,6,0.0,0.0,0.0,0.0,0.0,0.0,0.5839646464646465,0.5839646464646465,0.0,0.5913838120104439,0.999997848208046
40,7,0.0,0.0,0.0,0.0,0.0,0.0,0.6508838383838385,0.6508838383838383,0.0,0.6736292428198434,0.9999976016243193
50,0,0.0,0.0,0.0,0.0,0.0,0.0,0.0,0.0,0.0,0.006527415143603133,1.0
50,1,0.0,0.0,0.0,0.0,0.0,0.0,0.0,0.0,0.0,0.0006527415143603133,1.0
50,2,0.0,0.0,0.0,0.0,0.0,0.0,0.0,0.0,0.0,0.0006527415143603133,1.0
50,3,0.0,0.0,0.0,1.0,1.0,1.0,0.0,0.0,0.0,0.0006527415143603133,3.466129741003243e-07
50,4,1.0,1.0,1.0,0.0,0.0,0.0,0.5612373737373738,0.5612373737373738,0.0,0.5274151436031331,0.7558573915757709
50,5,0.0,0.0,0.0,0.0,0.0,0.0,0.8226010101010102,0.82260101010101,0.0,0.8459530026109661,0.9999969688811721
50,6,0.0,0.0,0.0,0.0,0.0,0.0,0.571969696969697,0.571969696969697,0.0,0.5691906005221932,0.9999978924070159
50,7,0.0,0.0,0.0,0.0,0.0,0.0,0.6515151515151516,0.6515151515151515,0.0,0.6808093994778068,0.9999975992980579
60,0,0.0,0.0,0.0,0.0,0.0,0.0,0.006313131313131314,0.006313131313131314,0.0,0.012402088772845953,0.9999999767373842
60,1,0.0,0.0,0.0,0.0,0.0,0.0,0.0006313131313131314,0.0006313131313131315,0.0,0.00587467362924282,0.9999999976737382
60,2,0.0,0.0,0.0,0.0,0.0,0.0,0.0006313131313131314,0.0006313131313131315,0.0,0.0097911227154047,0.9999999976737382
60,3,0.0,0.0,0.0,1.0,1.0,1.0,0.0006313131313131314,0.0006313131313131315,0.0,0.00391644908616188,3.44286712694597e-07
60,4,1.0,1.0,1.0,0.0,0.0,0.0,0.5101010101010102,0.5101010101010102,0.0,0.4889033942558747,0.7558575800029581
60,5,0.0,0.0,0.0,0.0,0.0,0.0,0.8181818181818182,0.8181818181818182,0.0,0.8296344647519582,0.9999969851650028
60,6,0.0,0.0,0.0,0.0,0.0,0.0,0.5505050505050505,0.5505050505050505,0.0,0.5496083550913838,0.9999979714999094
60,7,0.0,0.0,0.0,0.0,0.0,0.0,0.658459595959596,0.658459595959596,0.0,0.6788511749347259,0.9999975737091806
70,0,0.0,0.0,0.0,0.0,0.0,0.0,0.011994949494949496,0.0119949494949495,0.0,0.016971279373368148,0.9999999558010297
70,1,0.0,0.0,0.0,0.0,0.0,0.0,0.005681818181818182,0.005681818181818184,0.0,0.009138381201044387,0.9999999790636456
70,2,0.0,0.0,0.0,0.0,0.0,0.0,0.00946969696969697,0.00946969696969697,0.0,0.014360313315926894,0.9999999651060758
70,3,0.0,0.0,0.0,1.0,1.0,1.0,0.003787878787878788,0.003787878787878789,0.0,0.007180156657963447,3.326554047777819e-07
70,4,1.0,1.0,1.0,0.0,0.0,0.0,0.4728535353535354,0.4728535353535354,0.0,0.4614882506527415,0.7558577172523908
70,5,0.0,0.0,0.0,0.0,0.0,0.0,0.80239898989899,0.8023989898989898,0.0,0.8159268929503917,0.9999970433215424
70,6,0.0,0.0,0.0,0.0,0.0,0.0,0.5315656565656566,0.5315656565656566,0.0,0.529373368146214,0.9999980412877565
70,7,0.0,0.0,0.0,0.0,0.0,0.0,0.6565656565656566,0.6565656565656566,0.0,0.6781984334203656,0.9999975806879653
80,0,0.0,0.0,0.0,0.0,0.0,0.0,0.016414141414141416,0.016414141414141416,0.0,0.024151436031331592,0.9999999395171995
80,1,0.0,0.0,0.0,0.0,0.0,0.0,0.00883838383838384,0.008838383838383838,0.0,0.013054830287206266,0.9999999674323377
80,2,0.0,0.0,0.0,0.0,0.0,0.0,0.01388888888888889,0.013888888888888892,0.0,0.020887728459530026,0.9999999488222451
80,3,0.0,0.0,0.0,1.0,1.0,1.0,0.006944444444444445,0.006944444444444446,0.0,0.0097911227154047,3.210240968609668e-07
80,4,1.0,1.0,1.0,0.0,0.0,0.0,0.44633838383838387,0.44633838383838387,0.0,0.4210182767624021,0.7558578149553772
80,5,0.0,0.0,0.0,0.0,0.0,0.0,0.7891414141414143,0.7891414141414141,0.0,0.8015665796344648,0.9999970921730355
80,6,0.0,0.0,0.0,0.0,0.0,0.0,0.5119949494949495,0.5119949494949496,0.0,0.5110966057441253,0.9999981134018654
80,7,0.0,0.0,0.0,0.0,0.0,0.0,0.6559343434343435,0.6559343434343434,0.0,0.6781984334203656,0.9999975830142267
90,0,0.0,0.0,0.0,0.0,0.0,0.0,0.02335858585858586,0.02335858585858586,0.0,0.0,0.9999999139283218
90,1,0.0,0.0,0.0,0.0,0.0,0.0,0.012626262626262628,0.012626262626262628,0.0,0.0,0.9999999534747683
90,2,0.0,0.0,0.0,0.0,0.0,0.0,0.020202020202020204,0.02020202020202021,0.0,0.0,0.9999999255596292
90,3,0.0,0.0,0.0,1.0,1.0,0.0,0.00946969696969697,0.00946969696969697,0.0,0.0,3.117190505719236e-07
90,4,1.0,1.0,0.0,0.0,0.0,0.0,0.4071969696969697,0.4071969696969697,0.0,0.0,0.7558579591835946
90,5,0.0,0.0,0.0,0.0,0.0,0.0,0.7752525252525253,0.7752525252525253,0.0,0.0,0.9999971433507899
90,6,0.0,0.0,0.0,0.0,0.0,0.0,0.4943181818181819,0.4943181818181819,0.0,0.0,0.9999981785371892
90,7,0.0,0.0,0.0,0.0,0.0,0.0,0.6559343434343435,0.6559343434343434,0.0,0.0,0.9999975830142267
0,0,0.0,0.0,0.0,0.0,0.0,0.0,0.0,0.0,0.0,0.0,1.0
0,1,0.0,0.0,0.0,0.0,0.0,0.0,0.0,0.0,0.0,0.0,1.0
0,2,0.0,0.0,0.0,0.0,0.0,0.0,0.0,0.0,0.0,0.0,1.0
0,3,0.0,0.0,0.0,1.0,1.0,1.0,0.0,0.0,0.0,0.0,3.466129741003243e-07
0,4,1.0,1.0,1.0,0.0,0.0,0.0,0.9880050505050506,0.9880050505050505,0.0,0.8485639686684073,0.7558558190229483
0,5,0.0,0.0,0.0,0.0,0.0,0.0,0.8768939393939394,0.8768939393939394,0.0,0.8988250652741514,0.999996768822677
0,6,0.0,0.0,0.0,0.0,0.0,0.0,0.686868686868687,0.6868686868686869,0.0,0.6873368146214099,0.9999974690274103
0,7,0.0,0.0,0.0,0.0,0.0,0.0,0.6047979797979799,0.6047979797979798,0.0,0.6279373368146214,0.9999977714414143
10,0,0.0,0.0,0.0,0.0,0.0,0.0,0.0,0.0,0.0,0.0,1.0
10,1,0.0,0.0,0.0,0.0,0.0,0.0,0.0,0.0,0.0,0.0,1.0
10,2,0.0,0.0,0.0,0.0,0.0,0.0,0.0,0.0,0.0,0.0,1.0
10,3,0.0,0.0,0.0,1.0,1.0,1.0,0.0,0.0,0.0,0.0,3.466129741003243e-07
10,4,1.0,1.0,1.0,0.0,0.0,0.0,0.8207070707070708,0.8207070707070707,0.0,0.7754569190600522,0.7558564354822652
10,5,0.0,0.0,0.0,0.0,0.0,0.0,0.8693181818181819,0.8693181818181819,0.0,0.8903394255874674,0.9999967967378156
10,6,0.0,0.0,0.0,0.0,0.0,0.0,0.6647727272727273,0.6647727272727273,0.0,0.6573107049608355,0.9999975504465648
10,7,0.0,0.0,0.0,0.0,0.0,0.0,0.6073232323232324,0.6073232323232324,0.0,0.6305483028720626,0.9999977621363678
20,0,0.0,0.0,0.0,0.0,0.0,0.0,0.0,0.0,0.0,0.0,1.0
20,1,0.0,0.0,0.0,0.0,0.0,0.0,0.0,0.0,0.0,0.0,1.0
20,2,0.0,0.0,0.0,0.0,0.0,0.0,0.0,0.0,0.0,0.0,1.0
20,3,0.0,0.0,0.0,1.0,1.0,1.0,0.0,0.0,0.0,0.0,3.466129741003243e-07
20,4,1.0,1.0,1.0,0.0,0.0,0.0,0.7500000000000001,0.75,0.0,0.7245430809399478,0.7558566960235609
20,5,0.0,0.0,0.0,0.0,0.0,0.0,0.8611111111111112,0.8611111111111112,0.0,0.8805483028720626,0.9999968269792161
20,6,0.0,0.0,0.0,0.0,0.0,0.0,0.6357323232323233,0.6357323232323232,0.0,0.6370757180156658,0.999997657454597
20,7,0.0,0.0,0.0,0.0,0.0,0.0,0.6098484848484849,0.6098484848484849,0.0,0.6318537859007833,0.9999977528313218
30,0,0.0,0.0,0.0,0.0,0.0,0.0,0.0,0.0,0.0,0.0,1.0
30,1,0.0,0.0,0.0,0.0,0.0,0.0,0.0,0.0,0.0,0.0,1.0
30,2,0.0,0.0,0.0,0.0,0.0,0.0,0.0,0.0,0.0,0.0,1.0
30,3,0.0,0.0,0.0,1.0,1.0,1.0,0.0,0.0,0.0,0.0,3.466129741003243e-07
30,4,1.0,1.0,1.0,0.0,0.0,0.0,0.7007575757575758,0.7007575757575758,0.0,0.6801566579634465,0.7558568774719634
30,5,0.0,0.0,0.0,0.0,0.0,0.0,0.8516414141414143,0.8516414141414141,0.0,0.8701044386422977,0.9999968618731399
30,6,0.0,0.0,0.0,0.0,0.0,0.0,0.6161616161616162,0.6161616161616162,0.0,0.6168407310704961,0.9999977295687059
30,7,0.0,0.0,0.0,0.0,0.0,0.0,0.6111111111111112,0.611111111111111,0.0,0.6331592689295039,0.9999977481787985
40,0,0.0,0.0,0.0,0.0,0.0,0.0,0.0,0.0,0.0,0.0,1.0
40,1,0.0,0.0,0.0,0.0,0.0,0.0,0.0,0.0,0.0,0.0,1.0
40,2,0.0,0.0,0.0,0.0,0.0,0.0,0.0,0.0,0.0,0.0,1.0
40,3,0.0,0.0,0.0,1.0,1.0,1.0,0.0,0.0,0.0,0.0,3.466129741003243e-07
40,4,1.0,1.0,1.0,0.0,0.0,0.0,0.6578282828282829,0.6578282828282829,0.0,0.6429503916449086,0.7558570356577508
40,5,0.0,0.0,0.0,0.0,0.0,0.0,0.8415404040404041,0.841540404040404,0.0,0.8648825065274152,0.999996899093325
40,6,0.0,0.0,0.0,0.0,0.0,0.0,0.5965909090909092,0.5965909090909092,0.0,0.5933420365535248,0.9999978016828144
40,7,0.0,0.0,0.0,0.0,0.0,0.0,0.6123737373737375,0.6123737373737373,0.0,0.6338120104438643,0.9999977435262752
50,0,0.0,0.0,0.0,0.0,0.0,0.0,0.0,0.0,0.0,0.0,1.0
50,1,0.0,0.0,0.0,0.0,0.0,0.0,0.0,0.0,0.0,0.0,1.0
50,2,0.0,0.0,0.0,0.0,0.0,0.0,0.0,0.0,0.0,0.0,1.0
50,3,0.0,0.0,0.0,1.0,1.0,1.0,0.0,0.0,0.0,0.0,3.466129741003243e-07
50,4,1.0,1.0,1.0,0.0,0.0,0.0,0.6218434343434344,0.6218434343434344,0.0,0.5953002610966057,0.75585716825466
50,5,0.0,0.0,0.0,0.0,0.0,0.0,0.836489898989899,0.836489898989899,0.0,0.8570496083550914,0.9999969177034171
50,6,0.0,0.0,0.0,0.0,0.0,0.0,0.5738636363636365,0.5738636363636365,0.0,0.5757180156657964,0.9999978854282312
50,7,0.0,0.0,0.0,0.0,0.0,0.0,0.6130050505050506,0.6130050505050505,0.0,0.639686684073107,0.9999977412000138
60,0,0.0,0.0,0.0,0.0,0.0,0.0,0.0,0.0,0.0,0.0,1.0
60,1,0.0,0.0,0.0,0.0,0.0,0.0,0.0,0.0,0.0,0.0,1.0
60,2,0.0,0.0,0.0,0.0,0.0,0.0,0.0,0.0,0.0,0.0,1.0
60,3,0.0,0.0,0.0,1.0,1.0,1.0,0.0,0.0,0.0,0.0,3.466129741003243e-07
60,4,1.0,1.0,1.0,0.0,0.0,0.0,0.5757575757575758,0.5757575757575758,0.0,0.5633159268929504,0.7558573380717548
60,5,0.0,0.0,0.0,0.0,0.0,0.0,0.8289141414141414,0.8289141414141414,0.0,0.8466057441253264,0.9999969456185562
60,6,0.0,0.0,0.0,0.0,0.0,0.0,0.5568181818181819,0.5568181818181819,0.0,0.5554830287206266,0.9999979482372936
60,7,0.0,0.0,0.0,0.0,0.0,0.0,0.6186868686868687,0.6186868686868687,0.0,0.6409921671018277,0.9999977202636594
70,0,0.0,0.0,0.0,0.0,0.0,0.0,0.0,0.0,0.0,0.0,1.0
70,1,0.0,0.0,0.0,0.0,0.0,0.0,0.0,0.0,0.0,0.0,1.0
70,2,0.0,0.0,0.0,0.0,0.0,0.0,0.0,0.0,0.0,0.0,1.0
70,3,0.0,0.0,0.0,1.0,1.0,1.0,0.0,0.0,0.0,0.0,3.466129741003243e-07
70,4,1.0,1.0,1.0,0.0,0.0,0.0,0.5448232323232324,0.5448232323232324,0.0,0.5372062663185379,0.7558574520585717
70,5,0.0,0.0,0.0,0.0,0.0,0.0,0.8188131313131314,0.8188131313131313,0.0,0.8361618798955613,0.9999969828387414
70,6,0.0,0.0,0.0,0.0,0.0,0.0,0.5372474747474748,0.5372474747474748,0.0,0.5404699738903395,0.9999980203514021
70,7,0.0,0.0,0.0,0.0,0.0,0.0,0.619949494949495,0.619949494949495,0.0,0.643603133159269,0.9999977156111366
80,0,0.0,0.0,0.0,0.0,0.0,0.0,0.0,0.0,0.0,0.0,1.0
80,1,0.0,0.0,0.0,0.0,0.0,0.0,0.0,0.0,0.0,0.0,1.0
80,2,0.0,0.0,0.0,0.0,0.0,0.0,0.0,0.0,0.0,0.0,1.0
80,3,0.0,0.0,0.0,1.0,1.0,1.0,0.0,0.0,0.0,0.0,3.466129741003243e-07
80,4,1.0,1.0,1.0,0.0,0.0,0.0,0.5195707070707071,0.5195707070707071,0.0,0.5104438642297651,0.7558575451090344
80,5,0.0,0.0,0.0,0.0,0.0,0.0,0.8087121212121213,0.8087121212121212,0.0,0.8276762402088773,0.999997020058927
80,6,0.0,0.0,0.0,0.0,0.0,0.0,0.5227272727272728,0.5227272727272727,0.0,0.5228459530026109,0.9999980738554184
80,7,0.0,0.0,0.0,0.0,0.0,0.0,0.6224747474747475,0.6224747474747475,0.0,0.6455613577023499,0.9999977063060901
90,0,0.0,0.0,0.0,0.0,0.0,0.0,0.0,0.0,0.0,0.0,1.0
90,1,0.0,0.0,0.0,0.0,0.0,0.0,0.0,0.0,0.0,0.0,1.0
90,2,0.0,0.0,0.0,0.0,0.0,0.0,0.0,0.0,0.0,0.0,1.0
90,3,0.0,0.0,0.0,1.0,1.0,0.0,0.0,0.0,0.0,0.0,3.466129741003243e-07
90,4,1.0,1.0,0.0,0.0,0.0,0.0,0.49368686868686873,0.49368686868686873,0.0,0.0,0.7558576404857591
90,5,0.0,0.0,0.0,0.0,0.0,0.0,0.8005050505050506,0.8005050505050505,0.0,0.0,0.999997050300327
90,6,0.0,0.0,0.0,0.0,0.0,0.0,0.5056818181818182,0.5056818181818181,0.0,0.0,0.9999981366644808
90,7,0.0,0.0,0.0,0.0,0.0,0.0,0.624368686868687,0.6243686868686869,0.0,0.0,0.9999976993273059
0,0,0.0,0.0,0.0,0.0,0.0,0.0,0.8017676767676768,0.8017676767676768,0.0,0.8296344647519582,0.9999970456478038
0,1,0.0,0.0,0.0,0.0,0.0,0.0,0.7746212121212122,0.7746212121212122,0.0,0.8009138381201044,0.9999971456770513
0,2,1.0,1.0,1.0,0.0,0.0,0.0,0.8017676767676768,0.8017676767676768,0.0,0.8283289817232377,0.7558565052701123
0,3,0.0,0.0,0.0,0.0,0.0,0.0,0.7784090909090909,0.7784090909090909,0.0,0.8048302872062664,0.999997131719482
0,4,0.0,0.0,0.0,0.0,0.0,0.0,0.0,0.0,0.0,0.0,1.0
0,5,0.0,0.0,0.0,0.0,0.0,0.0,0.0,0.0,0.0,0.0,1.0
0,6,0.0,0.0,0.0,0.0,0.0,0.0,0.0,0.0,0.0,0.0,1.0
0,7,0.0,0.0,0.0,0.0,0.0,0.0,0.0,0.0,0.0,0.0,1.0
10,0,0.0,0.0,0.0,0.0,0.0,0.0,0.80239898989899,0.8023989898989898,0.0,0.8296344647519582,0.9999970433215424
10,1,0.0,0.0,0.0,0.0,0.0,0.0,0.7746212121212122,0.7746212121212122,0.0,0.8009138381201044,0.9999971456770513
10,2,1.0,1.0,1.0,0.0,0.0,0.0,0.8011363636363638,0.8011363636363636,0.0,0.8283289817232377,0.7558565075963737
10,3,0.0,0.0,0.0,0.0,0.0,0.0,0.7784090909090909,0.7784090909090909,0.0,0.8048302872062664,0.999997131719482
10,4,0.0,0.0,0.0,0.0,0.0,0.0,0.0,0.0,0.0,0.0,1.0
10,5,0.0,0.0,0.0,0.0,0.0,0.0,0.0,0.0,0.0,0.0,1.0
10,6,0.0,0.0,0.0,0.0,0.0,0.0,0.0,0.0,0.0,0.0,1.0
10,7,0.0,0.0,0.0,0.0,0.0,0.0,0.0,0.0,0.0,0.0,1.0
20,0,0.0,0.0,0.0,0.0,0.0,0.0,0.80239898989899,0.8023989898989898,0.0,0.8296344647519582,0.9999970433215424
20,1,0.0,0.0,0.0,0.0,0.0,0.0,0.7746212121212122,0.7746212121212122,0.0,0.8009138381201044,0.9999971456770513
20,2,1.0,1.0,1.0,0.0,0.0,0.0,0.8011363636363638,0.8011363636363636,0.0,0.8283289817232377,0.7558565075963737
20,3,0.0,0.0,0.0,0.0,0.0,0.0,0.7784090909090909,0.7784090909090909,0.0,0.8048302872062664,0.999997131719482
20,4,0.0,0.0,0.0,0.0,0.0,0.0,0.0,0.0,0.0,0.0,1.0
20,5,0.0,0.0,0.0,0.0,0.0,0.0,0.0,0.0,0.0,0.0,1.0
20,6,0.0,0.0,0.0,0.0,0.0,0.0,0.0,0.0,0.0,0.0,1.0
20,7,0.0,0.0,0.0,0.0,0.0,0.0,0.0,0.0,0.0,0.0,1.0
30,0,0.0,0.0,0.0,0.0,0.0,0.0,0.80239898989899,0.8023989898989898,0.0,0.8296344647519582,0.9999970433215424
30,1,0.0,0.0,0.0,0.0,0.0,0.0,0.7746212121212122,0.7746212121212122,0.0,0.8009138381201044,0.9999971456770513
30,2,1.0,1.0,1.0,0.0,0.0,0.0,0.8011363636363638,0.8011363636363636,0.0,0.8283289817232377,0.7558565075963737
30,3,0.0,0.0,0.0,0.0,0.0,0.0,0.7784090909090909,0.7784090909090909,0.0,0.8048302872062664,0.999997131719482
30,4,0.0,0.0,0.0,0.0,0.0,0.0,0.0,0.0,0.0,0.0,1.0
30,5,0.0,0.0,0.0,0.0,0.0,0.0,0.0,0.0,0.0,0.0,1.0
30,6,0.0,0.0,0.0,0.0,0.0,0.0,0.0,0.0,0.0,0.0,1.0
30,7,0.0,0.0,0.0,0.0,0.0,0.0,0.0,0.0,0.0,0.0,1.0
40,0,0.0,0.0,0.0,0.0,0.0,0.0,0.80239898989899,0.8023989898989898,0.0,0.8296344647519582,0.9999970433215424
40,1,0.0,0.0,0.0,0.0,0.0,0.0,0.7746212121212122,0.7746212121212122,0.0,0.8009138381201044,0.9999971456770513
40,2,1.0,1.0,1.0,0.0,0.0,0.0,0.8011363636363638,0.8011363636363636,0.0,0.8283289817232377,0.7558565075963737
40,3,0.0,0.0,0.0,0.0,0.0,0.0,0.7784090909090909,0.7784090909090909,0.0,0.8048302872062664,0.999997131719482
40,4,0.0,0.0,0.0,0.0,0.0,0.0,0.0,0.0,0.0,0.0,1.0
40,5,0.0,0.0,0.0,0.0,0.0,0.0,0.0,0.0,0.0,0.0,1.0
40,6,0.0,0.0,0.0,0.0,0.0,0.0,0.0,0.0,0.0,0.0,1.0
40,7,0.0,0.0,0.0,0.0,0.0,0.0,0.0,0.0,0.0,0.0,1.0
50,0,0.0,0.0,0.0,0.0,0.0,0.0,0.80239898989899,0.8023989898989898,0.0,0.8296344647519582,0.9999970433215424
50,1,0.0,0.0,0.0,0.0,0.0,0.0,0.7746212121212122,0.7746212121212122,0.0,0.8009138381201044,0.9999971456770513
50,2,1.0,1.0,1.0,0.0,0.0,0.0,0.8011363636363638,0.8011363636363636,0.0,0.8283289817232377,0.7558565075963737
50,3,0.0,0.0,0.0,0.0,0.0,0.0,0.7784090909090909,0.7784090909090909,0.0,0.8048302872062664,0.999997131719482
50,4,0.0,0.0,0.0,0.0,0.0,0.0,0.0,0.0,0.0,0.0,1.0
50,5,0.0,0.0,0.0,0.0,0.0,0.0,0.0,0.0,0.0,0.0,1.0
50,6,0.0,0.0,0.0,0.0,0.0,0.0,0.0,0.0,0.0,0.0,1.0
50,7,0.0,0.0,0.0,0.0,0.0,0.0,0.0,0.0,0.0,0.0,1.0
60,0,0.0,0.0,0.0,0.0,0.0,0.0,0.80239898989899,0.8023989898989898,0.0,0.8296344647519582,0.9999970433215424
60,1,0.0,0.0,0.0,0.0,0.0,0.0,0.7746212121212122,0.7746212121212122,0.0,0.8009138381201044,0.9999971456770513
60,2,1.0,1.0,1.0,0.0,0.0,0.0,0.8011363636363638,0.8011363636363636,0.0,0.8283289817232377,0.7558565075963737
60,3,0.0,0.0,0.0,0.0,0.0,0.0,0.7784090909090909,0.7784090909090909,0.0,0.8048302872062664,0.999997131719482
60,4,0.0,0.0,0.0,0.0,0.0,0.0,0.0,0.0,0.0,0.0,1.0
60,5,0.0,0.0,0.0,0.0,0.0,0.0,0.0,0.0,0.0,0.0,1.0
60,6,0.0,0.0,0.0,0.0,0.0,0.0,0.0,0.0,0.0,0.0,1.0
60,7,0.0,0.0,0.0,0.0,0.0,0.0,0.0,0.0,0.0,0.0,1.0
70,0,0.0,0.0,0.0,0.0,0.0,0.0,0.80239898989899,0.8023989898989898,0.0,0.8296344647519582,0.9999970433215424
70,1,0.0,0.0,0.0,0.0,0.0,0.0,0.7746212121212122,0.7746212121212122,0.0,0.8009138381201044,0.9999971456770513
70,2,1.0,1.0,1.0,0.0,0.0,0.0,0.8011363636363638,0.8011363636363636,0.0,0.8283289817232377,0.7558565075963737
70,3,0.0,0.0,0.0,0.0,0.0,0.0,0.7784090909090909,0.7784090909090909,0.0,0.8048302872062664,0.999997131719482
70,4,0.0,0.0,0.0,0.0,0.0,0.0,0.0,0.0,0.0,0.0,1.0
70,5,0.0,0.0,0.0,0.0,0.0,0.0,0.0,0.0,0.0,0.0,1.0
70,6,0.0,0.0,0.0,0.0,0.0,0.0,0.0,0.0,0.0,0.0,1.0
70,7,0.0,0.0,0.0,0.0,0.0,0.0,0.0,0.0,0.0,0.0,1.0
80,0,0.0,0.0,0.0,0.0,0.0,0.0,0.80239898989899,0.8023989898989898,0.0,0.8296344647519582,0.9999970433215424
80,1,0.0,0.0,0.0,0.0,0.0,0.0,0.7746212121212122,0.7746212121212122,0.0,0.8009138381201044,0.9999971456770513
80,2,1.0,1.0,1.0,0.0,0.0,0.0,0.8011363636363638,0.8011363636363636,0.0,0.8283289817232377,0.7558565075963737
80,3,0.0,0.0,0.0,0.0,0.0,0.0,0.7784090909090909,0.7784090909090909,0.0,0.8035248041775457,0.999997131719482
80,4,0.0,0.0,0.0,0.0,0.0,0.0,0.0,0.0,0.0,0.0,1.0
80,5,0.0,0.0,0.0,0.0,0.0,0.0,0.0,0.0,0.0,0.0,1.0
80,6,0.0,0.0,0.0,0.0,0.0,0.0,0.0,0.0,0.0,0.0,1.0
80,7,0.0,0.0,0.0,0.0,0.0,0.0,0.0,0.0,0.0,0.0,1.0
90,0,0.0,0.0,0.0,0.0,0.0,0.0,0.80239898989899,0.8023989898989898,0.0,0.0,0.9999970433215424
90,1,0.0,0.0,0.0,0.0,0.0,0.0,0.7746212121212122,0.7746212121212122,0.0,0.0,0.9999971456770513
90,2,1.0,1.0,0.0,0.0,0.0,0.0,0.8011363636363638,0.8011363636363636,0.0,0.0,0.7558565075963737
90,3,0.0,0.0,0.0,0.0,0.0,0.0,0.7771464646464648,0.7771464646464646,0.0,0.0,0.9999971363720053
90,4,0.0,0.0,0.0,0.0,0.0,0.0,0.0,0.0,0.0,0.0,1.0
90,5,0.0,0.0,0.0,0.0,0.0,0.0,0.0,0.0,0.0,0.0,1.0
90,6,0.0,0.0,0.0,0.0,0.0,0.0,0.0,0.0,0.0,0.0,1.0
90,7,0.0,0.0,0.0,0.0,0.0,0.0,0.0,0.0,0.0,0.0,1.0
0,0,0.0,0.0,0.0,0.0,0.0,0.0,0.0,0.0,0.0,0.0,1.0
0,1,0.0,0.0,0.0,0.0,0.0,0.0,0.0,0.0,0.0,0.0,1.0
0,2,0.0,0.0,0.0,0.0,0.0,0.0,0.0,0.0,0.0,0.0,1.0
0,3,0.0,0.0,0.0,1.0,1.0,1.0,0.0,0.0,0.0,0.0,3.466129741003243e-07
0,4,1.0,1.0,1.0,0.0,0.0,0.0,1.0,1.0,0.0,0.7996083550913838,0.7558557748239789
0,5,0.0,0.0,0.0,0.0,0.0,0.0,0.8705808080808082,0.8705808080808082,0.0,0.8890339425587468,0.9999967920852928
0,6,0.0,0.0,0.0,0.0,0.0,0.0,0.6988636363636365,0.6988636363636365,0.0,0.6716710182767625,0.99999742482844
0,7,0.0,0.0,0.0,0.0,0.0,0.0,0.5871212121212122,0.5871212121212122,0.0,0.6155352480417755,0.9999978365767381
10,0,0.0,0.0,0.0,0.0,0.0,0.0,0.0,0.0,0.0,0.0,1.0
10,1,0.0,0.0,0.0,0.0,0.0,0.0,0.0,0.0,0.0,0.0,1.0
10,2,0.0,0.0,0.0,0.0,0.0,0.0,0.0,0.0,0.0,0.0,1.0
10,3,0.0,0.0,0.0,1.0,1.0,1.0,0.0,0.0,0.0,0.0,3.466129741003243e-07
10,4,1.0,1.0,1.0,0.0,0.0,0.0,0.773358585858586,0.7733585858585859,0.0,0.7486945169712794,0.7558566099518829
10,5,0.0,0.0,0.0,0.0,0.0,0.0,0.859848484848485,0.8598484848484849,0.0,0.8805483028720626,0.9999968316317394
10,6,0.0,0.0,0.0,0.0,0.0,0.0,0.6496212121212122,0.6496212121212122,0.0,0.6422976501305483,0.9999976062768425
10,7,0.0,0.0,0.0,0.0,0.0,0.0,0.5953282828282829,0.5953282828282829,0.0,0.618798955613577,0.9999978063353376
20,0,0.0,0.0,0.0,0.0,0.0,0.0,0.0,0.0,0.0,0.0,1.0
20,1,0.0,0.0,0.0,0.0,0.0,0.0,0.0,0.0,0.0,0.0,1.0
20,2,0.0,0.0,0.0,0.0,0.0,0.0,0.0,0.0,0.0,0.0,1.0
20,3,0.0,0.0,0.0,1.0,1.0,1.0,0.0,0.0,0.0,0.0,3.466129741003243e-07
20,4,1.0,1.0,1.0,0.0,0.0,0.0,0.7241161616161617,0.7241161616161617,0.0,0.7049608355091384,0.7558567914002854
20,5,0.0,0.0,0.0,0.0,0.0,0.0,0.8516414141414143,0.8516414141414141,0.0,0.8701044386422977,0.9999968618731399
20,6,0.0,0.0,0.0,0.0,0.0,0.0,0.6212121212121212,0.6212121212121213,0.0,0.6194516971279374,0.9999977109586133
20,7,0.0,0.0,0.0,0.0,0.0,0.0,0.5984848484848485,0.5984848484848485,0.0,0.6207571801566579,0.9999977947040297
30,0,0.0,0.0,0.0,0.0,0.0,0.0,0.0,0.0,0.0,0.0,1.0
30,1,0.0,0.0,0.0,0.0,0.0,0.0,0.0,0.0,0.0,0.0,1.0
30,2,0.0,0.0,0.0,0.0,0.0,0.0,0.0,0.0,0.0,0.0,1.0
30,3,0.0,0.0,0.0,1.0,1.0,1.0,0.0,0.0,0.0,0.0,3.466129741003243e-07
30,4,1.0,1.0,1.0,0.0,0.0,0.0,0.6818181818181819,0.6818181818181819,0.0,0.6625326370757181,0.7558569472598109
30,5,0.0,0.0,0.0,0.0,0.0,0.0,0.8415404040404041,0.841540404040404,0.0,0.8609660574412533,0.999996899093325
30,6,0.0,0.0,0.0,0.0,0.0,0.0,0.5991161616161617,0.5991161616161617,0.0,0.6005221932114883,0.9999977923777683
30,7,0.0,0.0,0.0,0.0,0.0,0.0,0.600378787878788,0.600378787878788,0.0,0.6220626631853786,0.9999977877252451
40,0,0.0,0.0,0.0,0.0,0.0,0.0,0.0,0.0,0.0,0.0,1.0
40,1,0.0,0.0,0.0,0.0,0.0,0.0,0.0,0.0,0.0,0.0,1.0
40,2,0.0,0.0,0.0,0.0,0.0,0.0,0.0,0.0,0.0,0.0,1.0
40,3,0.0,0.0,0.0,1.0,1.0,1.0,0.0,0.0,0.0,0.0,3.466129741003243e-07
40,4,1.0,1.0,1.0,0.0,0.0,0.0,0.6407828282828283,0.6407828282828283,0.0,0.6135770234986945,0.7558570984668129
40,5,0.0,0.0,0.0,0.0,0.0,0.0,0.8327020202020202,0.8327020202020202,0.0,0.8524804177545692,0.9999969316609869
40,6,0.0,0.0,0.0,0.0,0.0,0.0,0.5808080808080809,0.5808080808080809,0.0,0.5796344647519582,0.999997859839354
40,7,0.0,0.0,0.0,0.0,0.0,0.0,0.6016414141414141,0.6016414141414141,0.0,0.6240208877284595,0.9999977830727222
50,0,0.0,0.0,0.0,0.0,0.0,0.0,0.0,0.0,0.0,0.0,1.0
50,1,0.0,0.0,0.0,0.0,0.0,0.0,0.0,0.0,0.0,0.0,1.0
50,2,0.0,0.0,0.0,0.0,0.0,0.0,0.0,0.0,0.0,0.0,1.0
50,3,0.0,0.0,0.0,1.0,1.0,1.0,0.0,0.0,0.0,0.0,3.466129741003243e-07
50,4,1.0,1.0,1.0,0.0,0.0,0.0,0.5934343434343435,0.5934343434343434,0.0,0.5744125326370757,0.7558572729364308
50,5,0.0,0.0,0.0,0.0,0.0,0.0,0.8244949494949496,0.8244949494949496,0.0,0.8498694516971279,0.999996961902387
50,6,0.0,0.0,0.0,0.0,0.0,0.0,0.5606060606060607,0.5606060606060607,0.0,0.5567885117493473,0.9999979342797243
50,7,0.0,0.0,0.0,0.0,0.0,0.0,0.6035353535353536,0.6035353535353536,0.0,0.6305483028720626,0.9999977760939376
60,0,0.0,0.0,0.0,0.0,0.0,0.0,0.0,0.0,0.0,0.0,1.0
60,1,0.0,0.0,0.0,0.0,0.0,0.0,0.0,0.0,0.0,0.0,1.0
60,2,0.0,0.0,0.0,0.0,0.0,0.0,0.0,0.0,0.0,0.0,1.0
60,3,0.0,0.0,0.0,1.0,1.0,1.0,0.0,0.0,0.0,0.0,3.466129741003243e-07
60,4,1.0,1.0,1.0,0.0,0.0,0.0,0.5555555555555556,0.5555555555555556,0.0,0.5496083550913838,0.7558574125121251
60,5,0.0,0.0,0.0,0.0,0.0,0.0,0.821969696969697,0.8219696969696969,0.0,0.8407310704960835,0.9999969712074339
60,6,0.0,0.0,0.0,0.0,0.0,0.0,0.5385101010101011,0.538510101010101,0.0,0.5430809399477807,0.9999980156988793
60,7,0.0,0.0,0.0,0.0,0.0,0.0,0.6098484848484849,0.6098484848484849,0.0,0.6331592689295039,0.9999977528313218
70,0,0.0,0.0,0.0,0.0,0.0,0.0,0.0,0.0,0.0,0.0,1.0
70,1,0.0,0.0,0.0,0.0,0.0,0.0,0.0,0.0,0.0,0.0,1.0
70,2,0.0,0.0,0.0,0.0,0.0,0.0,0.0,0.0,0.0,0.0,1.0
70,3,0.0,0.0,0.0,1.0,1.0,1.0,0.0,0.0,0.0,0.0,3.466129741003243e-07
70,4,1.0,1.0,1.0,0.0,0.0,0.0,0.5315656565656566,0.5315656565656566,0.0,0.5261096605744126,0.7558575009100645
70,5,0.0,0.0,0.0,0.0,0.0,0.0,0.8131313131313131,0.8131313131313131,0.0,0.8283289817232377,0.9999970037750958
70,6,0.0,0.0,0.0,0.0,0.0,0.0,0.5252525252525253,0.5252525252525253,0.0,0.529373368146214,0.9999980645503723
70,7,0.0,0.0,0.0,0.0,0.0,0.0,0.6123737373737375,0.6123737373737373,0.0,0.6351174934725848,0.9999977435262752
80,0,0.0,0.0,0.0,0.0,0.0,0.0,0.0,0.0,0.0,0.0,1.0
80,1,0.0,0.0,0.0,0.0,0.0,0.0,0.0,0.0,0.0,0.0,1.0
80,2,0.0,0.0,0.0,0.0,0.0,0.0,0.0,0.0,0.0,0.0,1.0
80,3,0.0,0.0,0.0,1.0,1.0,1.0,0.0,0.0,0.0,0.0,3.466129741003243e-07
80,4,1.0,1.0,1.0,0.0,0.0,0.0,0.5088383838383839,0.5088383838383839,0.0,0.5006527415143603,0.7558575846554816
80,5,0.0,0.0,0.0,0.0,0.0,0.0,0.8011363636363638,0.8011363636363636,0.0,0.8191906005221932,0.9999970479740656
80,6,0.0,0.0,0.0,0.0,0.0,0.0,0.5119949494949495,0.5119949494949496,0.0,0.5156657963446475,0.9999981134018654
80,7,0.0,0.0,0.0,0.0,0.0,0.0,0.6142676767676768,0.6142676767676768,0.0,0.6377284595300261,0.999997736547491
90,0,0.0,0.0,0.0,0.0,0.0,0.0,0.0,0.0,0.0,0.0,1.0
90,1,0.0,0.0,0.0,0.0,0.0,0.0,0.0,0.0,0.0,0.0,1.0
90,2,0.0,0.0,0.0,0.0,0.0,0.0,0.0,0.0,0.0,0.0,1.0
90,3,0.0,0.0,0.0,1.0,1.0,0.0,0.0,0.0,0.0,0.0,3.466129741003243e-07
90,4,1.0,1.0,0.0,0.0,0.0,0.0,0.48421717171717177,0.4842171717171717,0.0,0.0,0.7558576753796826
90,5,0.0,0.0,0.0,0.0,0.0,0.0,0.7922979797979799,0.7922979797979798,0.0,0.0,0.999997080541728
90,6,0.0,0.0,0.0,0.0,0.0,0.0,0.49873737373737376,0.49873737373737376,0.0,0.0,0.999998162253358
90,7,0.0,0.0,0.0,0.0,0.0,0.0,0.6167929292929294,0.6167929292929294,0.0,0.0,0.9999977272424441
0,0,1.0,1.0,1.0,0.0,0.0,0.0,0.9867424242424243,0.9867424242424242,0.0,0.8002610966057442,0.7558558236754718
0,1,0.0,0.0,0.0,0.0,0.0,0.0,0.8491161616161617,0.8491161616161617,0.0,0.8694516971279374,0.9999968711781859
0,2,0.0,0.0,0.0,0.0,0.0,0.0,0.720959595959596,0.720959595959596,0.0,0.6847258485639687,0.999997343409285
0,3,0.0,0.0,0.0,0.0,0.0,0.0,0.5997474747474748,0.5997474747474748,0.0,0.6272845953002611,0.9999977900515069
0,4,0.0,0.0,0.0,0.0,0.0,0.0,0.0,0.0,0.0,0.0,1.0
0,5,0.0,0.0,0.0,0.0,0.0,0.0,0.0,0.0,0.0,0.0,1.0
0,6,0.0,0.0,0.0,0.0,0.0,0.0,0.0,0.0,0.0,0.0,1.0
0,7,0.0,0.0,0.0,0.0,0.0,0.0,0.0,0.0,0.0,0.0,1.0
10,0,1.0,1.0,1.0,0.0,0.0,0.0,0.773989898989899,0.773989898989899,0.0,0.7480417754569191,0.755856607625621
10,1,0.0,0.0,0.0,0.0,0.0,0.0,0.8409090909090909,0.8409090909090909,0.0,0.8577023498694517,0.9999969014195869
10,2,0.0,0.0,0.0,0.0,0.0,0.0,0.6622474747474748,0.6622474747474748,0.0,0.6638381201044387,0.9999975597516113
10,3,0.0,0.0,0.0,0.0,0.0,0.0,0.6066919191919192,0.6066919191919192,0.0,0.6292428198433421,0.9999977644626292
10,4,0.0,0.0,0.0,0.0,0.0,0.0,0.0,0.0,0.0,0.0,1.0
10,5,0.0,0.0,0.0,0.0,0.0,0.0,0.0,0.0,0.0,0.0,1.0
10,6,0.0,0.0,0.0,0.0,0.0,0.0,0.0,0.0,0.0,0.0,1.0
10,7,0.0,0.0,0.0,0.0,0.0,0.0,0.0,0.0,0.0,0.0,1.0
20,0,1.0,1.0,1.0,0.0,0.0,0.0,0.7234848484848485,0.7234848484848485,0.0,0.6997389033942559,0.7558567937265468
20,1,0.0,0.0,0.0,0.0,0.0,0.0,0.8295454545454546,0.8295454545454546,0.0,0.8466057441253264,0.9999969432922948
20,2,0.0,0.0,0.0,0.0,0.0,0.0,0.6420454545454546,0.6420454545454546,0.0,0.6422976501305483,0.9999976341919816
20,3,0.0,0.0,0.0,0.0,0.0,0.0,0.6085858585858587,0.6085858585858586,0.0,0.6318537859007833,0.9999977574838446
20,4,0.0,0.0,0.0,0.0,0.0,0.0,0.0,0.0,0.0,0.0,1.0
20,5,0.0,0.0,0.0,0.0,0.0,0.0,0.0,0.0,0.0,0.0,1.0
20,6,0.0,0.0,0.0,0.0,0.0,0.0,0.0,0.0,0.0,0.0,1.0
20,7,0.0,0.0,0.0,0.0,0.0,0.0,0.0,0.0,0.0,0.0,1.0
30,0,1.0,1.0,1.0,0.0,0.0,0.0,0.6767676767676768,0.6767676767676768,0.0,0.652088772845953,0.7558569658699033
30,1,0.0,0.0,0.0,0.0,0.0,0.0,0.8188131313131314,0.8188131313131313,0.0,0.8322454308093995,0.9999969828387414
30,2,0.0,0.0,0.0,0.0,0.0,0.0,0.6212121212121212,0.6212121212121213,0.0,0.6201044386422977,0.9999977109586133
30,3,0.0,0.0,0.0,0.0,0.0,0.0,0.6111111111111112,0.611111111111111,0.0,0.6357702349869452,0.9999977481787985
30,4,0.0,0.0,0.0,0.0,0.0,0.0,0.0,0.0,0.0,0.0,1.0
30,5,0.0,0.0,0.0,0.0,0.0,0.0,0.0,0.0,0.0,0.0,1.0
30,6,0.0,0.0,0.0,0.0,0.0,0.0,0.0,0.0,0.0,0.0,1.0
30,7,0.0,0.0,0.0,0.0,0.0,0.0,0.0,0.0,0.0,0.0,1.0
40,0,1.0,1.0,1.0,0.0,0.0,0.0,0.6306818181818182,0.6306818181818182,0.0,0.6181462140992168,0.7558571356869981
40,1,0.0,0.0,0.0,0.0,0.0,0.0,0.8049242424242425,0.8049242424242425,0.0,0.8231070496083551,0.9999970340164959
40,2,0.0,0.0,0.0,0.0,0.0,0.0,0.5997474747474748,0.5997474747474748,0.0,0.6005221932114883,0.9999977900515069
40,3,0.0,0.0,0.0,0.0,0.0,0.0,0.61489898989899,0.6148989898989898,0.0,0.6377284595300261,0.9999977342212292
40,4,0.0,0.0,0.0,0.0,0.0,0.0,0.0,0.0,0.0,0.0,1.0
40,5,0.0,0.0,0.0,0.0,0.0,0.0,0.0,0.0,0.0,0.0,1.0
40,6,0.0,0.0,0.0,0.0,0.0,0.0,0.0,0.0,0.0,0.0,1.0
40,7,0.0,0.0,0.0,0.0,0.0,0.0,0.0,0.0,0.0,0.0,1.0
50,0,1.0,1.0,1.0,0.0,0.0,0.0,0.5978535353535354,0.5978535353535354,0.0,0.5842036553524804,0.7558572566525998
50,1,0.0,0.0,0.0,0.0,0.0,0.0,0.7960858585858587,0.7960858585858586,0.0,0.8152741514360313,0.9999970665841578
50,2,0.0,0.0,0.0,0.0,0.0,0.0,0.5808080808080809,0.5808080808080809,0.0,0.5783289817232377,0.999997859839354
50,3,0.0,0.0,0.0,0.0,0.0,0.0,0.6167929292929294,0.6167929292929294,0.0,0.6455613577023499,0.9999977272424441
50,4,0.0,0.0,0.0,0.0,0.0,0.0,0.0,0.0,0.0,0.0,1.0
50,5,0.0,0.0,0.0,0.0,0.0,0.0,0.0,0.0,0.0,0.0,1.0
50,6,0.0,0.0,0.0,0.0,0.0,0.0,0.0,0.0,0.0,0.0,1.0
50,7,0.0,0.0,0.0,0.0,0.0,0.0,0.0,0.0,0.0,0.0,1.0
60,0,1.0,1.0,1.0,0.0,0.0,0.0,0.5650252525252526,0.5650252525252525,0.0,0.5580939947780679,0.7558573776182014
60,1,0.0,0.0,0.0,0.0,0.0,0.0,0.7885101010101011,0.7885101010101011,0.0,0.8054830287206266,0.9999970944992969
60,2,0.0,0.0,0.0,0.0,0.0,0.0,0.5593434343434344,0.5593434343434344,0.0,0.5587467362924282,0.9999979389322471
60,3,0.0,0.0,0.0,0.0,0.0,0.0,0.624368686868687,0.6243686868686869,0.0,0.6462140992167101,0.9999976993273059
60,4,0.0,0.0,0.0,0.0,0.0,0.0,0.0,0.0,0.0,0.0,1.0
60,5,0.0,0.0,0.0,0.0,0.0,0.0,0.0,0.0,0.0,0.0,1.0
60,6,0.0,0.0,0.0,0.0,0.0,0.0,0.0,0.0,0.0,0.0,1.0
60,7,0.0,0.0,0.0,0.0,0.0,0.0,0.0,0.0,0.0,0.0,1.0
70,0,1.0,1.0,1.0,0.0,0.0,0.0,0.5397727272727273,0.5397727272727273,0.0,0.5287206266318538,0.755857470668664
70,1,0.0,0.0,0.0,0.0,0.0,0.0,0.7790404040404041,0.779040404040404,0.0,0.7996083550913838,0.9999971293932206
70,2,0.0,0.0,0.0,0.0,0.0,0.0,0.5404040404040404,0.5404040404040404,0.0,0.545691906005222,0.9999980087200946
70,3,0.0,0.0,0.0,0.0,0.0,0.0,0.625,0.625,0.0,0.6462140992167101,0.999997697001044
70,4,0.0,0.0,0.0,0.0,0.0,0.0,0.0,0.0,0.0,0.0,1.0
70,5,0.0,0.0,0.0,0.0,0.0,0.0,0.0,0.0,0.0,0.0,1.0
70,6,0.0,0.0,0.0,0.0,0.0,0.0,0.0,0.0,0.0,0.0,1.0
70,7,0.0,0.0,0.0,0.0,0.0,0.0,0.0,0.0,0.0,0.0,1.0
80,0,1.0,1.0,1.0,0.0,0.0,0.0,0.5113636363636364,0.5113636363636365,0.0,0.5091383812010444,0.7558575753504349
80,1,0.0,0.0,0.0,0.0,0.0,0.0,0.773358585858586,0.7733585858585859,0.0,0.7924281984334204,0.9999971503295746
80,2,0.0,0.0,0.0,0.0,0.0,0.0,0.5277777777777778,0.5277777777777778,0.0,0.5378590078328982,0.9999980552453258
80,3,0.0,0.0,0.0,0.0,0.0,0.0,0.625,0.625,0.0,0.6462140992167101,0.999997697001044
80,4,0.0,0.0,0.0,0.0,0.0,0.0,0.0,0.0,0.0,0.0,1.0
80,5,0.0,0.0,0.0,0.0,0.0,0.0,0.0,0.0,0.0,0.0,1.0
80,6,0.0,0.0,0.0,0.0,0.0,0.0,0.0,0.0,0.0,0.0,1.0
80,7,0.0,0.0,0.0,0.0,0.0,0.0,0.0,0.0,0.0,0.0,1.0
90,0,1.0,1.0,0.0,0.0,0.0,0.0,0.4924242424242425,0.4924242424242425,0.0,0.0,0.7558576451382824
90,1,0.0,0.0,0.0,0.0,0.0,0.0,0.7664141414141414,0.7664141414141414,0.0,0.0,0.9999971759184518
90,2,0.0,0.0,0.0,0.0,0.0,0.0,0.5202020202020202,0.5202020202020202,0.0,0.0,0.9999980831604649
90,3,0.0,0.0,0.0,0.0,0.0,0.0,0.625,0.625,0.0,0.0,0.999997697001044
90,4,0.0,0.0,0.0,0.0,0.0,0.0,0.0,0.0,0.0,0.0,1.0
90,5,0.0,0.0,0.0,0.0,0.0,0.0,0.0,0.0,0.0,0.0,1.0
90,6,0.0,0.0,0.0,0.0,0.0,0.0,0.0,0.0,0.0,0.0,1.0
90,7,0.0,0.0,0.0,0.0,0.0,0.0,0.0,0.0,0.0,0.0,1.0
0,0,1.0,1.0,1.0,0.0,0.0,0.0,0.9488636363636365,0.9488636363636365,0.0,0.7702349869451697,0.7558559632511661
0,1,0.0,0.0,0.0,0.0,0.0,0.0,0.8914141414141414,0.8914141414141414,0.0,0.914490861618799,0.9999967153186606
0,2,0.0,0.0,0.0,0.0,0.0,0.0,0.7184343434343435,0.7184343434343434,0.0,0.6906005221932116,0.9999973527143311
0,3,0.0,0.0,0.0,0.0,0.0,0.0,0.5978535353535354,0.5978535353535354,0.0,0.6253263707571801,0.9999977970302916
0,4,0.0,0.0,0.0,0.0,0.0,0.0,0.0,0.0,0.0,0.0,1.0
0,5,0.0,0.0,0.0,0.0,0.0,0.0,0.0,0.0,0.0,0.0,1.0
0,6,0.0,0.0,0.0,0.0,0.0,0.0,0.0,0.0,0.0,0.0,1.0
0,7,0.0,0.0,0.0,0.0,0.0,0.0,0.0,0.0,0.0,0.0,1.0
10,0,1.0,1.0,1.0,0.0,0.0,0.0,0.744949494949495,0.7449494949494951,0.0,0.7121409921671018,0.7558567146336537
10,1,0.0,0.0,0.0,0.0,0.0,0.0,0.884469696969697,0.8844696969696969,0.0,0.9079634464751958,0.9999967409075379
10,2,0.0,0.0,0.0,0.0,0.0,0.0,0.667929292929293,0.6679292929292929,0.0,0.6638381201044387,0.9999975388152569
10,3,0.0,0.0,0.0,0.0,0.0,0.0,0.6047979797979799,0.6047979797979798,0.0,0.6266318537859008,0.9999977714414143
10,4,0.0,0.0,0.0,0.0,0.0,0.0,0.0,0.0,0.0,0.0,1.0
10,5,0.0,0.0,0.0,0.0,0.0,0.0,0.0,0.0,0.0,0.0,1.0
10,6,0.0,0.0,0.0,0.0,0.0,0.0,0.0,0.0,0.0,0.0,1.0
10,7,0.0,0.0,0.0,0.0,0.0,0.0,0.0,0.0,0.0,0.0,1.0
20,0,1.0,1.0,1.0,0.0,0.0,0.0,0.6887626262626263,0.6887626262626263,0.0,0.6573107049608355,0.7558569216709337
20,1,0.0,0.0,0.0,0.0,0.0,0.0,0.8781565656565657,0.8781565656565656,0.0,0.8929503916449086,0.9999967641701537
20,2,0.0,0.0,0.0,0.0,0.0,0.0,0.6420454545454546,0.6420454545454546,0.0,0.6422976501305483,0.9999976341919816
20,3,0.0,0.0,0.0,0.0,0.0,0.0,0.6060606060606061,0.6060606060606061,0.0,0.6305483028720626,0.9999977667888906
20,4,0.0,0.0,0.0,0.0,0.0,0.0,0.0,0.0,0.0,0.0,1.0
20,5,0.0,0.0,0.0,0.0,0.0,0.0,0.0,0.0,0.0,0.0,1.0
20,6,0.0,0.0,0.0,0.0,0.0,0.0,0.0,0.0,0.0,0.0,1.0
20,7,0.0,0.0,0.0,0.0,0.0,0.0,0.0,0.0,0.0,0.0,1.0
30,0,1.0,1.0,1.0,0.0,0.0,0.0,0.6357323232323233,0.6357323232323232,0.0,0.6142297650130548,0.7558571170769053
30,1,0.0,0.0,0.0,0.0,0.0,0.0,0.8636363636363638,0.8636363636363636,0.0,0.8857702349869452,0.99999681767417
30,2,0.0,0.0,0.0,0.0,0.0,0.0,0.6212121212121212,0.6212121212121213,0.0,0.6240208877284595,0.9999977109586133
30,3,0.0,0.0,0.0,0.0,0.0,0.0,0.6098484848484849,0.6098484848484849,0.0,0.631201044386423,0.9999977528313218
30,4,0.0,0.0,0.0,0.0,0.0,0.0,0.0,0.0,0.0,0.0,1.0
30,5,0.0,0.0,0.0,0.0,0.0,0.0,0.0,0.0,0.0,0.0,1.0
30,6,0.0,0.0,0.0,0.0,0.0,0.0,0.0,0.0,0.0,0.0,1.0
30,7,0.0,0.0,0.0,0.0,0.0,0.0,0.0,0.0,0.0,0.0,1.0
40,0,1.0,1.0,1.0,0.0,0.0,0.0,0.5940656565656566,0.5940656565656566,0.0,0.5796344647519582,0.7558572706101692
40,1,0.0,0.0,0.0,0.0,0.0,0.0,0.8566919191919192,0.8566919191919192,0.0,0.8753263707571801,0.9999968432630468
40,2,0.0,0.0,0.0,0.0,0.0,0.0,0.6035353535353536,0.6035353535353536,0.0,0.6018276762402088,0.9999977760939376
40,3,0.0,0.0,0.0,0.0,0.0,0.0,0.610479797979798,0.610479797979798,0.0,0.6318537859007833,0.9999977505050599
40,4,0.0,0.0,0.0,0.0,0.0,0.0,0.0,0.0,0.0,0.0,1.0
40,5,0.0,0.0,0.0,0.0,0.0,0.0,0.0,0.0,0.0,0.0,1.0
40,6,0.0,0.0,0.0,0.0,0.0,0.0,0.0,0.0,0.0,0.0,1.0
40,7,0.0,0.0,0.0,0.0,0.0,0.0,0.0,0.0,0.0,0.0,1.0
50,0,1.0,1.0,1.0,0.0,0.0,0.0,0.5606060606060607,0.5606060606060607,0.0,0.5450391644908616,0.7558573939020323
50,1,0.0,0.0,0.0,0.0,0.0,0.0,0.8465909090909092,0.8465909090909092,0.0,0.8681462140992168,0.999996880483232
50,2,0.0,0.0,0.0,0.0,0.0,0.0,0.5820707070707071,0.5820707070707071,0.0,0.5828981723237598,0.9999978551868312
50,3,0.0,0.0,0.0,0.0,0.0,0.0,0.6111111111111112,0.611111111111111,0.0,0.6403394255874674,0.9999977481787985
50,4,0.0,0.0,0.0,0.0,0.0,0.0,0.0,0.0,0.0,0.0,1.0
50,5,0.0,0.0,0.0,0.0,0.0,0.0,0.0,0.0,0.0,0.0,1.0
50,6,0.0,0.0,0.0,0.0,0.0,0.0,0.0,0.0,0.0,0.0,1.0
50,7,0.0,0.0,0.0,0.0,0.0,0.0,0.0,0.0,0.0,0.0,1.0
60,0,1.0,1.0,1.0,0.0,0.0,0.0,0.5271464646464646,0.5271464646464646,0.0,0.5182767624020888,0.7558575171938959
60,1,0.0,0.0,0.0,0.0,0.0,0.0,0.8396464646464648,0.8396464646464646,0.0,0.8570496083550914,0.9999969060721097
60,2,0.0,0.0,0.0,0.0,0.0,0.0,0.5637626262626263,0.5637626262626263,0.0,0.566579634464752,0.9999979226484164
60,3,0.0,0.0,0.0,0.0,0.0,0.0,0.6193181818181819,0.6193181818181819,0.0,0.6422976501305483,0.999997717937398
60,4,0.0,0.0,0.0,0.0,0.0,0.0,0.0,0.0,0.0,0.0,1.0
60,5,0.0,0.0,0.0,0.0,0.0,0.0,0.0,0.0,0.0,0.0,1.0
60,6,0.0,0.0,0.0,0.0,0.0,0.0,0.0,0.0,0.0,0.0,1.0
60,7,0.0,0.0,0.0,0.0,0.0,0.0,0.0,0.0,0.0,0.0,1.0
70,0,1.0,1.0,1.0,0.0,0.0,0.0,0.5012626262626263,0.5012626262626263,0.0,0.48759791122715407,0.75585761257062
70,1,0.0,0.0,0.0,0.0,0.0,0.0,0.8289141414141414,0.8289141414141414,0.0,0.8492167101827677,0.9999969456185562
70,2,0.0,0.0,0.0,0.0,0.0,0.0,0.547979797979798,0.547979797979798,0.0,0.5528720626631853,0.9999979808049555
70,3,0.0,0.0,0.0,0.0,0.0,0.0,0.6212121212121212,0.6212121212121213,0.0,0.643603133159269,0.9999977109586133
70,4,0.0,0.0,0.0,0.0,0.0,0.0,0.0,0.0,0.0,0.0,1.0
70,5,0.0,0.0,0.0,0.0,0.0,0.0,0.0,0.0,0.0,0.0,1.0
70,6,0.0,0.0,0.0,0.0,0.0,0.0,0.0,0.0,0.0,0.0,1.0
70,7,0.0,0.0,0.0,0.0,0.0,0.0,0.0,0.0,0.0,0.0,1.0
80,0,1.0,1.0,1.0,0.0,0.0,0.0,0.4715909090909091,0.4715909090909091,0.0,0.4706266318537859,0.7558577219049141
80,1,0.0,0.0,0.0,0.0,0.0,0.0,0.8213383838383839,0.8213383838383839,0.0,0.8342036553524804,0.9999969735336953
80,2,0.0,0.0,0.0,0.0,0.0,0.0,0.5347222222222223,0.5347222222222223,0.0,0.5372062663185379,0.999998029656449
80,3,0.0,0.0,0.0,0.0,0.0,0.0,0.6224747474747475,0.6224747474747475,0.0,0.6455613577023499,0.9999977063060901
80,4,0.0,0.0,0.0,0.0,0.0,0.0,0.0,0.0,0.0,0.0,1.0
80,5,0.0,0.0,0.0,0.0,0.0,0.0,0.0,0.0,0.0,0.0,1.0
80,6,0.0,0.0,0.0,0.0,0.0,0.0,0.0,0.0,0.0,0.0,1.0
80,7,0.0,0.0,0.0,0.0,0.0,0.0,0.0,0.0,0.0,0.0,1.0
90,0,1.0,1.0,0.0,0.0,0.0,0.0,0.45517676767676774,0.45517676767676785,0.0,0.0,0.7558577823877148
90,1,0.0,0.0,0.0,0.0,0.0,0.0,0.8068181818181819,0.806818181818182,0.0,0.0,0.9999970270377112
90,2,0.0,0.0,0.0,0.0,0.0,0.0,0.5195707070707071,0.5195707070707071,0.0,0.0,0.9999980854867263
90,3,0.0,0.0,0.0,0.0,0.0,0.0,0.624368686868687,0.6243686868686869,0.0,0.0,0.9999976993273059
90,4,0.0,0.0,0.0,0.0,0.0,0.0,0.0,0.0,0.0,0.0,1.0
90,5,0.0,0.0,0.0,0.0,0.0,0.0,0.0,0.0,0.0,0.0,1.0
90,6,0.0,0.0,0.0,0.0,0.0,0.0,0.0,0.0,0.0,0.0,1.0
90,7,0.0,0.0,0.0,0.0,0.0,0.0,0.0,0.0,0.0,0.0,1.0
0,0,0.0,0.0,0.0,0.0,0.0,0.0,0.0,0.0,0.0,0.0,1.0
0,1,0.0,0.0,0.0,0.0,0.0,0.0,0.0,0.0,0.0,0.0,1.0
0,2,0.0,0.0,0.0,0.0,0.0,0.0,0.0,0.0,0.0,0.0,1.0
0,3,0.0,0.0,0.0,1.0,1.0,1.0,0.0,0.0,0.0,0.0,3.466129741003243e-07
0,4,1.0,1.0,1.0,0.0,0.0,0.0,0.9400252525252526,0.9400252525252526,0.0,0.7604438642297651,0.755855995818828
0,5,0.0,0.0,0.0,0.0,0.0,0.0,0.8718434343434344,0.8718434343434344,0.0,0.8975195822454308,0.9999967874327695
0,6,0.0,0.0,0.0,0.0,0.0,0.0,0.7323232323232324,0.7323232323232324,0.0,0.70822454308094,0.9999973015365771
0,7,0.0,0.0,0.0,0.0,0.0,0.0,0.6123737373737375,0.6123737373737373,0.0,0.6383812010443864,0.9999977435262752
10,0,0.0,0.0,0.0,0.0,0.0,0.0,0.0,0.0,0.0,0.0,1.0
10,1,0.0,0.0,0.0,0.0,0.0,0.0,0.0,0.0,0.0,0.0,1.0
10,2,0.0,0.0,0.0,0.0,0.0,0.0,0.0,0.0,0.0,0.0,1.0
10,3,0.0,0.0,0.0,1.0,1.0,1.0,0.0,0.0,0.0,0.0,3.466129741003243e-07
10,4,1.0,1.0,1.0,0.0,0.0,0.0,0.735479797979798,0.735479797979798,0.0,0.7108355091383812,0.755856749527577
10,5,0.0,0.0,0.0,0.0,0.0,0.0,0.8680555555555556,0.8680555555555556,0.0,0.8870757180156658,0.9999968013903389
10,6,0.0,0.0,0.0,0.0,0.0,0.0,0.6849747474747475,0.6849747474747476,0.0,0.6710182767624021,0.9999974760061945
10,7,0.0,0.0,0.0,0.0,0.0,0.0,0.6174242424242424,0.6174242424242425,0.0,0.6390339425587468,0.9999977249161827
20,0,0.0,0.0,0.0,0.0,0.0,0.0,0.0,0.0,0.0,0.0,1.0
20,1,0.0,0.0,0.0,0.0,0.0,0.0,0.0,0.0,0.0,0.0,1.0
20,2,0.0,0.0,0.0,0.0,0.0,0.0,0.0,0.0,0.0,0.0,1.0
20,3,0.0,0.0,0.0,1.0,1.0,1.0,0.0,0.0,0.0,0.0,3.466129741003243e-07
20,4,1.0,1.0,1.0,0.0,0.0,0.0,0.6875000000000001,0.6875,0.0,0.660574412532637,0.7558569263234567
20,5,0.0,0.0,0.0,0.0,0.0,0.0,0.8579545454545455,0.8579545454545455,0.0,0.8766318537859008,0.999996838610524
20,6,0.0,0.0,0.0,0.0,0.0,0.0,0.648989898989899,0.648989898989899,0.0,0.6481723237597912,0.9999976086031039
20,7,0.0,0.0,0.0,0.0,0.0,0.0,0.6180555555555556,0.6180555555555556,0.0,0.641644908616188,0.9999977225899213
30,0,0.0,0.0,0.0,0.0,0.0,0.0,0.0,0.0,0.0,0.0,1.0
30,1,0.0,0.0,0.0,0.0,0.0,0.0,0.0,0.0,0.0,0.0,1.0
30,2,0.0,0.0,0.0,0.0,0.0,0.0,0.0,0.0,0.0,0.0,1.0
30,3,0.0,0.0,0.0,1.0,1.0,1.0,0.0,0.0,0.0,0.0,3.466129741003243e-07
30,4,1.0,1.0,1.0,0.0,0.0,0.0,0.638888888888889,0.638888888888889,0.0,0.6259791122715405,0.7558571054455976
30,5,0.0,0.0,0.0,0.0,0.0,0.0,0.8478535353535355,0.8478535353535355,0.0,0.8668407310704961,0.9999968758307092
30,6,0.0,0.0,0.0,0.0,0.0,0.0,0.6268939393939394,0.6268939393939394,0.0,0.6285900783289817,0.9999976900222589
30,7,0.0,0.0,0.0,0.0,0.0,0.0,0.6205808080808082,0.6205808080808083,0.0,0.6429503916449086,0.9999977132848747
40,0,0.0,0.0,0.0,0.0,0.0,0.0,0.0,0.0,0.0,0.0,1.0
40,1,0.0,0.0,0.0,0.0,0.0,0.0,0.0,0.0,0.0,0.0,1.0
40,2,0.0,0.0,0.0,0.0,0.0,0.0,0.0,0.0,0.0,0.0,1.0
40,3,0.0,0.0,0.0,1.0,1.0,1.0,0.0,0.0,0.0,0.0,3.466129741003243e-07
40,4,1.0,1.0,1.0,0.0,0.0,0.0,0.6054292929292929,0.6054292929292929,0.0,0.5933420365535248,0.7558572287374608
40,5,0.0,0.0,0.0,0.0,0.0,0.0,0.8383838383838385,0.8383838383838383,0.0,0.8550913838120104,0.9999969107246325
40,6,0.0,0.0,0.0,0.0,0.0,0.0,0.6079545454545455,0.6079545454545454,0.0,0.6077023498694517,0.9999977598101064
40,7,0.0,0.0,0.0,0.0,0.0,0.0,0.6218434343434344,0.6218434343434344,0.0,0.6455613577023499,0.9999977086323519
50,0,0.0,0.0,0.0,0.0,0.0,0.0,0.0,0.0,0.0,0.0,1.0
50,1,0.0,0.0,0.0,0.0,0.0,0.0,0.0,0.0,0.0,0.0,1.0
50,2,0.0,0.0,0.0,0.0,0.0,0.0,0.0,0.0,0.0,0.0,1.0
50,3,0.0,0.0,0.0,1.0,1.0,1.0,0.0,0.0,0.0,0.0,3.466129741003243e-07
50,4,1.0,1.0,1.0,0.0,0.0,0.0,0.5738636363636365,0.5738636363636365,0.0,0.5574412532637075,0.7558573450505395
50,5,0.0,0.0,0.0,0.0,0.0,0.0,0.8270202020202021,0.8270202020202021,0.0,0.8485639686684073,0.9999969525973409
50,6,0.0,0.0,0.0,0.0,0.0,0.0,0.5877525252525253,0.5877525252525253,0.0,0.5744125326370757,0.9999978342504763
50,7,0.0,0.0,0.0,0.0,0.0,0.0,0.624368686868687,0.6243686868686869,0.0,0.652088772845953,0.9999976993273059
60,0,0.0,0.0,0.0,0.0,0.0,0.0,0.0,0.0,0.0,0.0,1.0
60,1,0.0,0.0,0.0,0.0,0.0,0.0,0.0,0.0,0.0,0.0,1.0
60,2,0.0,0.0,0.0,0.0,0.0,0.0,0.0,0.0,0.0,0.0,1.0
60,3,0.0,0.0,0.0,1.0,1.0,1.0,0.0,0.0,0.0,0.0,3.466129741003243e-07
60,4,1.0,1.0,1.0,0.0,0.0,0.0,0.5391414141414141,0.5391414141414141,0.0,0.5261096605744126,0.7558574729949259
60,5,0.0,0.0,0.0,0.0,0.0,0.0,0.8207070707070708,0.8207070707070707,0.0,0.8387728459530026,0.9999969758599567
60,6,0.0,0.0,0.0,0.0,0.0,0.0,0.5555555555555556,0.5555555555555556,0.0,0.5607049608355091,0.9999979528898169
60,7,0.0,0.0,0.0,0.0,0.0,0.0,0.6306818181818182,0.6306818181818182,0.0,0.6533942558746736,0.9999976760646896
70,0,0.0,0.0,0.0,0.0,0.0,0.0,0.0,0.0,0.0,0.0,1.0
70,1,0.0,0.0,0.0,0.0,0.0,0.0,0.0,0.0,0.0,0.0,1.0
70,2,0.0,0.0,0.0,0.0,0.0,0.0,0.0,0.0,0.0,0.0,1.0
70,3,0.0,0.0,0.0,1.0,1.0,1.0,0.0,0.0,0.0,0.0,3.466129741003243e-07
70,4,1.0,1.0,1.0,0.0,0.0,0.0,0.5088383838383839,0.5088383838383839,0.0,0.49869451697127937,0.7558575846554816
70,5,0.0,0.0,0.0,0.0,0.0,0.0,0.8112373737373738,0.8112373737373738,0.0,0.8302872062663186,0.9999970107538805
70,6,0.0,0.0,0.0,0.0,0.0,0.0,0.5422979797979799,0.5422979797979798,0.0,0.5489556135770235,0.9999980017413099
70,7,0.0,0.0,0.0,0.0,0.0,0.0,0.6319444444444445,0.6319444444444444,0.0,0.6540469973890339,0.9999976714121668
80,0,0.0,0.0,0.0,0.0,0.0,0.0,0.0,0.0,0.0,0.0,1.0
80,1,0.0,0.0,0.0,0.0,0.0,0.0,0.0,0.0,0.0,0.0,1.0
80,2,0.0,0.0,0.0,0.0,0.0,0.0,0.0,0.0,0.0,0.0,1.0
80,3,0.0,0.0,0.0,1.0,1.0,1.0,0.0,0.0,0.0,0.0,3.466129741003243e-07
80,4,1.0,1.0,1.0,0.0,0.0,0.0,0.4823232323232324,0.4823232323232323,0.0,0.47323759791122716,0.7558576823584675
80,5,0.0,0.0,0.0,0.0,0.0,0.0,0.8030303030303031,0.8030303030303031,0.0,0.825065274151436,0.999997040995281
80,6,0.0,0.0,0.0,0.0,0.0,0.0,0.5309343434343434,0.5309343434343434,0.0,0.5326370757180157,0.9999980436140179
80,7,0.0,0.0,0.0,0.0,0.0,0.0,0.6325757575757577,0.6325757575757576,0.0,0.6553524804177546,0.9999976690859049
90,0,0.0,0.0,0.0,0.0,0.0,0.0,0.0,0.0,0.0,0.0,1.0
90,1,0.0,0.0,0.0,0.0,0.0,0.0,0.0,0.0,0.0,0.0,1.0
90,2,0.0,0.0,0.0,0.0,0.0,0.0,0.0,0.0,0.0,0.0,1.0
90,3,0.0,0.0,0.0,1.0,1.0,0.0,0.0,0.0,0.0,0.0,3.466129741003243e-07
90,4,1.0,1.0,0.0,0.0,0.0,0.0,0.4577020202020202,0.4577020202020202,0.0,0.0,0.7558577730826688
90,5,0.0,0.0,0.0,0.0,0.0,0.0,0.797979797979798,0.797979797979798,0.0,0.0,0.9999970596053731
90,6,0.0,0.0,0.0,0.0,0.0,0.0,0.5151515151515152,0.5151515151515152,0.0,0.0,0.9999981017705575
90,7,0.0,0.0,0.0,0.0,0.0,0.0,0.6338383838383839,0.633838383838384,0.0,0.0,0.9999976644333821
0,0,0.0,0.0,0.0,0.0,0.0,0.0,0.0,0.0,0.0,0.0,1.0
0,1,0.0,0.0,0.0,0.0,0.0,0.0,0.0,0.0,0.0,0.0,1.0
0,2,0.0,0.0,0.0,0.0,0.0,0.0,0.0,0.0,0.0,0.0,1.0
0,3,0.0,0.0,0.0,1.0,1.0,1.0,0.0,0.0,0.0,0.0,3.466129741003243e-07
0,4,1.0,1.0,1.0,0.0,0.0,0.0,0.9210858585858587,0.9210858585858586,0.0,0.9308093994778068,0.7558560656066751
0,5,0.0,0.0,0.0,0.0,0.0,0.0,0.9583333333333334,0.9583333333333334,0.0,0.9732375979112272,0.9999964687349343
0,6,0.0,0.0,0.0,0.0,0.0,0.0,0.61489898989899,0.6148989898989898,0.0,0.6370757180156658,0.9999977342212292
0,7,0.0,0.0,0.0,0.0,0.0,0.0,0.6622474747474748,0.6622474747474748,0.0,0.6866840731070496,0.9999975597516113
10,0,0.0,0.0,0.0,0.0,0.0,0.0,0.0,0.0,0.0,0.0,1.0
10,1,0.0,0.0,0.0,0.0,0.0,0.0,0.0,0.0,0.0,0.0,1.0
10,2,0.0,0.0,0.0,0.0,0.0,0.0,0.0,0.0,0.0,0.0,1.0
10,3,0.0,0.0,0.0,1.0,1.0,1.0,0.0,0.0,0.0,0.0,3.466129741003243e-07
10,4,1.0,1.0,1.0,0.0,0.0,0.0,0.9002525252525253,0.9002525252525253,0.0,0.9197127937336814,0.7558561423733068
10,5,0.0,0.0,0.0,0.0,0.0,0.0,0.9412878787878789,0.9412878787878788,0.0,0.9608355091383812,0.9999965315439967
10,6,0.0,0.0,0.0,0.0,0.0,0.0,0.6161616161616162,0.6161616161616162,0.0,0.6370757180156658,0.9999977295687059
10,7,0.0,0.0,0.0,0.0,0.0,0.0,0.6641414141414141,0.6641414141414141,0.0,0.6886422976501305,0.9999975527728266
20,0,0.0,0.0,0.0,0.0,0.0,0.0,0.0,0.0,0.0,0.0,1.0
20,1,0.0,0.0,0.0,0.0,0.0,0.0,0.0,0.0,0.0,0.0,1.0
20,2,0.0,0.0,0.0,0.0,0.0,0.0,0.0,0.0,0.0,0.0,1.0
20,3,0.0,0.0,0.0,1.0,1.0,1.0,0.0,0.0,0.0,0.0,3.466129741003243e-07
20,4,1.0,1.0,1.0,0.0,0.0,0.0,0.8895202020202021,0.8895202020202021,0.0,0.910574412532637,0.7558561819197538
20,5,0.0,0.0,0.0,0.0,0.0,0.0,0.9292929292929294,0.9292929292929294,0.0,0.943864229765013,0.9999965757429661
20,6,0.0,0.0,0.0,0.0,0.0,0.0,0.6161616161616162,0.6161616161616162,0.0,0.639686684073107,0.9999977295687059
20,7,0.0,0.0,0.0,0.0,0.0,0.0,0.6660353535353536,0.6660353535353536,0.0,0.6932114882506527,0.9999975457940415
30,0,0.0,0.0,0.0,0.0,0.0,0.0,0.0,0.0,0.0,0.0,1.0
30,1,0.0,0.0,0.0,0.0,0.0,0.0,0.0,0.0,0.0,0.0,1.0
30,2,0.0,0.0,0.0,0.0,0.0,0.0,0.0,0.0,0.0,0.0,1.0
30,3,0.0,0.0,0.0,1.0,1.0,1.0,0.0,0.0,0.0,0.0,3.466129741003243e-07
30,4,1.0,1.0,1.0,0.0,0.0,0.0,0.8806818181818182,0.8806818181818182,0.0,0.8988250652741514,0.7558562144874157
30,5,0.0,0.0,0.0,0.0,0.0,0.0,0.912878787878788,0.912878787878788,0.0,0.9321148825065274,0.9999966362257675
30,6,0.0,0.0,0.0,0.0,0.0,0.0,0.6186868686868687,0.6186868686868687,0.0,0.6409921671018277,0.9999977202636594
30,7,0.0,0.0,0.0,0.0,0.0,0.0,0.6704545454545455,0.6704545454545454,0.0,0.6971279373368147,0.9999975295102108
40,0,0.0,0.0,0.0,0.0,0.0,0.0,0.0,0.0,0.0,0.0,1.0
40,1,0.0,0.0,0.0,0.0,0.0,0.0,0.0,0.0,0.0,0.0,1.0
40,2,0.0,0.0,0.0,0.0,0.0,0.0,0.0,0.0,0.0,0.0,1.0
40,3,0.0,0.0,0.0,1.0,1.0,1.0,0.0,0.0,0.0,0.0,3.466129741003243e-07
40,4,1.0,1.0,1.0,0.0,0.0,0.0,0.8693181818181819,0.8693181818181819,0.0,0.8851174934725848,0.7558562563601241
40,5,0.0,0.0,0.0,0.0,0.0,0.0,0.9015151515151516,0.9015151515151515,0.0,0.9190600522193212,0.9999966780984755
40,6,0.0,0.0,0.0,0.0,0.0,0.0,0.619949494949495,0.619949494949495,0.0,0.6429503916449086,0.9999977156111366
40,7,0.0,0.0,0.0,0.0,0.0,0.0,0.6742424242424243,0.6742424242424242,0.0,0.7003916449086162,0.9999975155526415
50,0,0.0,0.0,0.0,0.0,0.0,0.0,0.0,0.0,0.0,0.0,1.0
50,1,0.0,0.0,0.0,0.0,0.0,0.0,0.0,0.0,0.0,0.0,1.0
50,2,0.0,0.0,0.0,0.0,0.0,0.0,0.0,0.0,0.0,0.0,1.0
50,3,0.0,0.0,0.0,1.0,1.0,1.0,0.0,0.0,0.0,0.0,3.466129741003243e-07
50,4,1.0,1.0,1.0,0.0,0.0,0.0,0.8560606060606062,0.8560606060606061,0.0,0.8753263707571801,0.755856305211617
50,5,0.0,0.0,0.0,0.0,0.0,0.0,0.888888888888889,0.888888888888889,0.0,0.9099216710182768,0.9999967246237071
50,6,0.0,0.0,0.0,0.0,0.0,0.0,0.6218434343434344,0.6218434343434344,0.0,0.6442558746736292,0.9999977086323519
50,7,0.0,0.0,0.0,0.0,0.0,0.0,0.67739898989899,0.6773989898989898,0.0,0.7016971279373369,0.9999975039213331
60,0,0.0,0.0,0.0,0.0,0.0,0.0,0.0,0.0,0.0,0.0,1.0
60,1,0.0,0.0,0.0,0.0,0.0,0.0,0.0,0.0,0.0,0.0,1.0
60,2,0.0,0.0,0.0,0.0,0.0,0.0,0.0,0.0,0.0,0.0,1.0
60,3,0.0,0.0,0.0,1.0,1.0,1.0,0.0,0.0,0.0,0.0,3.466129741003243e-07
60,4,1.0,1.0,1.0,0.0,0.0,0.0,0.8465909090909092,0.8465909090909092,0.0,0.868798955613577,0.7558563401055407
60,5,0.0,0.0,0.0,0.0,0.0,0.0,0.8800505050505051,0.8800505050505051,0.0,0.8981723237597912,0.999996757191369
60,6,0.0,0.0,0.0,0.0,0.0,0.0,0.6231060606060607,0.6231060606060607,0.0,0.6449086161879896,0.9999977039798287
60,7,0.0,0.0,0.0,0.0,0.0,0.0,0.6786616161616162,0.6786616161616162,0.0,0.7036553524804178,0.9999974992688103
70,0,0.0,0.0,0.0,0.0,0.0,0.0,0.0,0.0,0.0,0.0,1.0
70,1,0.0,0.0,0.0,0.0,0.0,0.0,0.0,0.0,0.0,0.0,1.0
70,2,0.0,0.0,0.0,0.0,0.0,0.0,0.0,0.0,0.0,0.0,1.0
70,3,0.0,0.0,0.0,1.0,1.0,1.0,0.0,0.0,0.0,0.0,3.466129741003243e-07
70,4,1.0,1.0,1.0,0.0,0.0,0.0,0.8402777777777779,0.8402777777777778,0.0,0.8531331592689295,0.7558563633681563
70,5,0.0,0.0,0.0,0.0,0.0,0.0,0.8686868686868687,0.8686868686868687,0.0,0.8864229765013055,0.9999967990640775
70,6,0.0,0.0,0.0,0.0,0.0,0.0,0.6237373737373738,0.6237373737373739,0.0,0.6475195822454308,0.9999977016535673
70,7,0.0,0.0,0.0,0.0,0.0,0.0,0.6805555555555556,0.6805555555555557,0.0,0.7088772845953003,0.9999974922900257
80,0,0.0,0.0,0.0,0.0,0.0,0.0,0.0,0.0,0.0,0.0,1.0
80,1,0.0,0.0,0.0,0.0,0.0,0.0,0.0,0.0,0.0,0.0,1.0
80,2,0.0,0.0,0.0,0.0,0.0,0.0,0.0,0.0,0.0,0.0,1.0
80,3,0.0,0.0,0.0,1.0,1.0,1.0,0.0,0.0,0.0,0.0,3.466129741003243e-07
80,4,1.0,1.0,1.0,0.0,0.0,0.0,0.8251262626262627,0.8251262626262627,0.0,0.8426892950391645,0.7558564191984338
80,5,0.0,0.0,0.0,0.0,0.0,0.0,0.8573232323232324,0.8573232323232324,0.0,0.8733681462140992,0.9999968409367854
80,6,0.0,0.0,0.0,0.0,0.0,0.0,0.6262626262626263,0.6262626262626264,0.0,0.6501305483028721,0.9999976923485208
80,7,0.0,0.0,0.0,0.0,0.0,0.0,0.6856060606060607,0.6856060606060608,0.0,0.7101827676240209,0.9999974736799326
90,0,0.0,0.0,0.0,0.0,0.0,0.0,0.0,0.0,0.0,0.0,1.0
90,1,0.0,0.0,0.0,0.0,0.0,0.0,0.0,0.0,0.0,0.0,1.0
90,2,0.0,0.0,0.0,0.0,0.0,0.0,0.0,0.0,0.0,0.0,1.0
90,3,0.0,0.0,0.0,1.0,1.0,0.0,0.0,0.0,0.0,0.0,3.466129741003243e-07
90,4,1.0,1.0,0.0,0.0,0.0,0.0,0.8150252525252526,0.8150252525252526,0.0,0.0,0.755856456418619
90,5,0.0,0.0,0.0,0.0,0.0,0.0,0.8446969696969697,0.8446969696969698,0.0,0.0,0.9999968874620166
90,6,0.0,0.0,0.0,0.0,0.0,0.0,0.6287878787878789,0.6287878787878789,0.0,0.0,0.9999976830434743
90,7,0.0,0.0,0.0,0.0,0.0,0.0,0.686868686868687,0.6868686868686869,0.0,0.0,0.9999974690274103
0,0,0.0,0.0,0.0,0.0,0.0,0.0,0.0,0.0,0.0,0.0,1.0
0,1,0.0,0.0,0.0,0.0,0.0,0.0,0.0,0.0,0.0,0.0,1.0
0,2,0.0,0.0,0.0,0.0,0.0,0.0,0.0,0.0,0.0,0.0,1.0
0,3,0.0,0.0,0.0,1.0,1.0,1.0,0.0,0.0,0.0,0.0,3.466129741003243e-07
0,4,0.0,0.0,0.0,0.0,0.0,0.0,0.9040404040404041,0.9040404040404041,0.0,0.922976501305483,0.999996668793429
0,5,1.0,1.0,1.0,0.0,0.0,0.0,0.9236111111111112,0.923611111111111,0.0,0.9366840731070496,0.7558560563016288
0,6,0.0,0.0,0.0,0.0,0.0,0.0,0.6666666666666667,0.6666666666666667,0.0,0.6892950391644909,0.9999975434677801
0,7,0.0,0.0,0.0,0.0,0.0,0.0,0.6622474747474748,0.6622474747474748,0.0,0.6886422976501305,0.9999975597516113
10,0,0.0,0.0,0.0,0.0,0.0,0.0,0.0,0.0,0.0,0.0,1.0
10,1,0.0,0.0,0.0,0.0,0.0,0.0,0.0,0.0,0.0,0.0,1.0
10,2,0.0,0.0,0.0,0.0,0.0,0.0,0.0,0.0,0.0,0.0,1.0
10,3,0.0,0.0,0.0,1.0,1.0,1.0,0.0,0.0,0.0,0.0,3.466129741003243e-07
10,4,0.0,0.0,0.0,0.0,0.0,0.0,0.8926767676767677,0.8926767676767677,0.0,0.9066579634464752,0.9999967106661378
10,5,1.0,1.0,1.0,0.0,0.0,0.0,0.9059343434343435,0.9059343434343434,0.0,0.9223237597911227,0.755856121436953
10,6,0.0,0.0,0.0,0.0,0.0,0.0,0.6666666666666667,0.6666666666666667,0.0,0.6932114882506527,0.9999975434677801
10,7,0.0,0.0,0.0,0.0,0.0,0.0,0.6660353535353536,0.6660353535353536,0.0,0.6899477806788512,0.9999975457940415
20,0,0.0,0.0,0.0,0.0,0.0,0.0,0.0,0.0,0.0,0.0,1.0
20,1,0.0,0.0,0.0,0.0,0.0,0.0,0.0,0.0,0.0,0.0,1.0
20,2,0.0,0.0,0.0,0.0,0.0,0.0,0.0,0.0,0.0,0.0,1.0
20,3,0.0,0.0,0.0,1.0,1.0,1.0,0.0,0.0,0.0,0.0,3.466129741003243e-07
20,4,0.0,0.0,0.0,0.0,0.0,0.0,0.8768939393939394,0.8768939393939394,0.0,0.8981723237597912,0.999996768822677
20,5,1.0,1.0,1.0,0.0,0.0,0.0,0.8920454545454546,0.8920454545454546,0.0,0.910574412532637,0.7558561726147075
20,6,0.0,0.0,0.0,0.0,0.0,0.0,0.6704545454545455,0.6704545454545454,0.0,0.6951697127937337,0.9999975295102108
20,7,0.0,0.0,0.0,0.0,0.0,0.0,0.6672979797979799,0.6672979797979798,0.0,0.693864229765013,0.9999975411415183
30,0,0.0,0.0,0.0,0.0,0.0,0.0,0.0,0.0,0.0,0.0,1.0
30,1,0.0,0.0,0.0,0.0,0.0,0.0,0.0,0.0,0.0,0.0,1.0
30,2,0.0,0.0,0.0,0.0,0.0,0.0,0.0,0.0,0.0,0.0,1.0
30,3,0.0,0.0,0.0,1.0,1.0,1.0,0.0,0.0,0.0,0.0,3.466129741003243e-07
30,4,0.0,0.0,0.0,0.0,0.0,0.0,0.8686868686868687,0.8686868686868687,0.0,0.8883812010443864,0.9999967990640775
30,5,1.0,1.0,1.0,0.0,0.0,0.0,0.8806818181818182,0.8806818181818182,0.0,0.8988250652741514,0.7558562144874157
30,6,0.0,0.0,0.0,0.0,0.0,0.0,0.6723484848484849,0.6723484848484849,0.0,0.6964751958224543,0.9999975225314262
30,7,0.0,0.0,0.0,0.0,0.0,0.0,0.6710858585858587,0.6710858585858586,0.0,0.695822454308094,0.9999975271839494
40,0,0.0,0.0,0.0,0.0,0.0,0.0,0.0,0.0,0.0,0.0,1.0
40,1,0.0,0.0,0.0,0.0,0.0,0.0,0.0,0.0,0.0,0.0,1.0
40,2,0.0,0.0,0.0,0.0,0.0,0.0,0.0,0.0,0.0,0.0,1.0
40,3,0.0,0.0,0.0,1.0,1.0,1.0,0.0,0.0,0.0,0.0,3.466129741003243e-07
40,4,0.0,0.0,0.0,0.0,0.0,0.0,0.8592171717171718,0.8592171717171717,0.0,0.8740208877284595,0.9999968339580008
40,5,1.0,1.0,1.0,0.0,0.0,0.0,0.8693181818181819,0.8693181818181819,0.0,0.8883812010443864,0.7558562563601241
40,6,0.0,0.0,0.0,0.0,0.0,0.0,0.6736111111111112,0.673611111111111,0.0,0.6977806788511749,0.9999975178789029
40,7,0.0,0.0,0.0,0.0,0.0,0.0,0.672979797979798,0.672979797979798,0.0,0.6990861618798956,0.9999975202051647
50,0,0.0,0.0,0.0,0.0,0.0,0.0,0.0,0.0,0.0,0.0,1.0
50,1,0.0,0.0,0.0,0.0,0.0,0.0,0.0,0.0,0.0,0.0,1.0
50,2,0.0,0.0,0.0,0.0,0.0,0.0,0.0,0.0,0.0,0.0,1.0
50,3,0.0,0.0,0.0,1.0,1.0,1.0,0.0,0.0,0.0,0.0,3.466129741003243e-07
50,4,0.0,0.0,0.0,0.0,0.0,0.0,0.8453282828282829,0.8453282828282829,0.0,0.8642297650130548,0.9999968851357552
50,5,1.0,1.0,1.0,0.0,0.0,0.0,0.8592171717171718,0.8592171717171717,0.0,0.8798955613577024,0.7558562935803093
50,6,0.0,0.0,0.0,0.0,0.0,0.0,0.6748737373737375,0.6748737373737373,0.0,0.6990861618798956,0.9999975132263796
50,7,0.0,0.0,0.0,0.0,0.0,0.0,0.6761363636363636,0.6761363636363636,0.0,0.6997389033942559,0.9999975085738564
60,0,0.0,0.0,0.0,0.0,0.0,0.0,0.0,0.0,0.0,0.0,1.0
60,1,0.0,0.0,0.0,0.0,0.0,0.0,0.0,0.0,0.0,0.0,1.0
60,2,0.0,0.0,0.0,0.0,0.0,0.0,0.0,0.0,0.0,0.0,1.0
60,3,0.0,0.0,0.0,1.0,1.0,1.0,0.0,0.0,0.0,0.0,3.466129741003243e-07
60,4,0.0,0.0,0.0,0.0,0.0,0.0,0.835858585858586,0.8358585858585859,0.0,0.8531331592689295,0.999996920029679
60,5,1.0,1.0,1.0,0.0,0.0,0.0,0.8510101010101011,0.8510101010101011,0.0,0.8648825065274152,0.7558563238217098
60,6,0.0,0.0,0.0,0.0,0.0,0.0,0.6761363636363636,0.6761363636363636,0.0,0.7003916449086162,0.9999975085738564
60,7,0.0,0.0,0.0,0.0,0.0,0.0,0.6767676767676768,0.6767676767676768,0.0,0.7010443864229765,0.999997506247595
70,0,0.0,0.0,0.0,0.0,0.0,0.0,0.0,0.0,0.0,0.0,1.0
70,1,0.0,0.0,0.0,0.0,0.0,0.0,0.0,0.0,0.0,0.0,1.0
70,2,0.0,0.0,0.0,0.0,0.0,0.0,0.0,0.0,0.0,0.0,1.0
70,3,0.0,0.0,0.0,1.0,1.0,1.0,0.0,0.0,0.0,0.0,3.466129741003243e-07
70,4,0.0,0.0,0.0,0.0,0.0,0.0,0.8251262626262627,0.8251262626262627,0.0,0.8426892950391645,0.9999969595761256
70,5,1.0,1.0,1.0,0.0,0.0,0.0,0.836489898989899,0.836489898989899,0.0,0.8544386422976501,0.7558563773257259
70,6,0.0,0.0,0.0,0.0,0.0,0.0,0.67739898989899,0.6773989898989898,0.0,0.7043080939947781,0.9999975039213331
70,7,0.0,0.0,0.0,0.0,0.0,0.0,0.6780303030303031,0.6780303030303032,0.0,0.7023498694516971,0.9999975015950717
80,0,0.0,0.0,0.0,0.0,0.0,0.0,0.0,0.0,0.0,0.0,1.0
80,1,0.0,0.0,0.0,0.0,0.0,0.0,0.0,0.0,0.0,0.0,1.0
80,2,0.0,0.0,0.0,0.0,0.0,0.0,0.0,0.0,0.0,0.0,1.0
80,3,0.0,0.0,0.0,1.0,1.0,1.0,0.0,0.0,0.0,0.0,3.466129741003243e-07
80,4,0.0,0.0,0.0,0.0,0.0,0.0,0.8150252525252526,0.8150252525252526,0.0,0.8315926892950392,0.9999969967963107
80,5,1.0,1.0,1.0,0.0,0.0,0.0,0.826388888888889,0.826388888888889,0.0,0.8420365535248042,0.7558564145459115
80,6,0.0,0.0,0.0,0.0,0.0,0.0,0.6811868686868687,0.6811868686868687,0.0,0.7049608355091384,0.9999974899637643
80,7,0.0,0.0,0.0,0.0,0.0,0.0,0.6792929292929294,0.6792929292929294,0.0,0.7043080939947781,0.9999974969425489
90,0,0.0,0.0,0.0,0.0,0.0,0.0,0.0,0.0,0.0,0.0,1.0
90,1,0.0,0.0,0.0,0.0,0.0,0.0,0.0,0.0,0.0,0.0,1.0
90,2,0.0,0.0,0.0,0.0,0.0,0.0,0.0,0.0,0.0,0.0,1.0
90,3,0.0,0.0,0.0,1.0,1.0,0.0,0.0,0.0,0.0,0.0,3.466129741003243e-07
90,4,0.0,0.0,0.0,0.0,0.0,0.0,0.8042929292929294,0.8042929292929295,0.0,0.0,0.9999970363427577
90,5,1.0,1.0,0.0,0.0,0.0,0.0,0.8143939393939394,0.8143939393939394,0.0,0.0,0.7558564587448808
90,6,0.0,0.0,0.0,0.0,0.0,0.0,0.6818181818181819,0.6818181818181819,0.0,0.0,0.9999974876375024
90,7,0.0,0.0,0.0,0.0,0.0,0.0,0.6811868686868687,0.6811868686868687,0.0,0.0,0.9999974899637643
0,0,0.0,0.0,0.0,0.0,0.0,0.0,0.8257575757575758,0.8257575757575758,0.0,0.741514360313316,0.9999969572498641
0,1,0.0,0.0,0.0,0.0,0.0,0.0,0.7632575757575758,0.7632575757575758,0.0,0.7943864229765013,0.9999971875497597
0,2,1.0,1.0,1.0,0.0,0.0,0.0,0.8162878787878789,0.8162878787878788,0.0,0.7193211488250653,0.7558564517660962
0,3,0.0,0.0,0.0,0.0,0.0,0.0,0.7512626262626263,0.7512626262626263,0.0,0.7800261096605744,0.9999972317487296
0,4,0.0,0.0,0.0,0.0,0.0,0.0,0.0,0.0,0.0,0.0,1.0
0,5,0.0,0.0,0.0,0.0,0.0,0.0,0.0,0.0,0.0,0.0,1.0
0,6,0.0,0.0,0.0,0.0,0.0,0.0,0.0,0.0,0.0,0.0,1.0
0,7,0.0,0.0,0.0,0.0,0.0,0.0,0.0,0.0,0.0,0.0,1.0
10,0,0.0,0.0,0.0,0.0,0.0,0.0,0.7171717171717172,0.7171717171717171,0.0,0.7030026109660574,0.9999973573668544
10,1,0.0,0.0,0.0,0.0,0.0,0.0,0.7683080808080809,0.7683080808080809,0.0,0.7943864229765013,0.9999971689396672
10,2,1.0,1.0,1.0,0.0,0.0,0.0,0.6957070707070707,0.6957070707070707,0.0,0.693864229765013,0.7558568960820562
10,3,0.0,0.0,0.0,0.0,0.0,0.0,0.7544191919191919,0.7544191919191919,0.0,0.7800261096605744,0.9999972201174216
10,4,0.0,0.0,0.0,0.0,0.0,0.0,0.0,0.0,0.0,0.0,1.0
10,5,0.0,0.0,0.0,0.0,0.0,0.0,0.0,0.0,0.0,0.0,1.0
10,6,0.0,0.0,0.0,0.0,0.0,0.0,0.0,0.0,0.0,0.0,1.0
10,7,0.0,0.0,0.0,0.0,0.0,0.0,0.0,0.0,0.0,0.0,1.0
20,0,0.0,0.0,0.0,0.0,0.0,0.0,0.6799242424242424,0.6799242424242427,0.0,0.6775456919060052,0.9999974946162871
20,1,0.0,0.0,0.0,0.0,0.0,0.0,0.7683080808080809,0.7683080808080809,0.0,0.7943864229765013,0.9999971689396672
20,2,1.0,1.0,1.0,0.0,0.0,0.0,0.6710858585858587,0.6710858585858586,0.0,0.6618798955613577,0.7558569868062575
20,3,0.0,0.0,0.0,0.0,0.0,0.0,0.7544191919191919,0.7544191919191919,0.0,0.7800261096605744,0.9999972201174216
20,4,0.0,0.0,0.0,0.0,0.0,0.0,0.0,0.0,0.0,0.0,1.0
20,5,0.0,0.0,0.0,0.0,0.0,0.0,0.0,0.0,0.0,0.0,1.0
20,6,0.0,0.0,0.0,0.0,0.0,0.0,0.0,0.0,0.0,0.0,1.0
20,7,0.0,0.0,0.0,0.0,0.0,0.0,0.0,0.0,0.0,0.0,1.0
30,0,0.0,0.0,0.0,0.0,0.0,0.0,0.6553030303030304,0.6553030303030303,0.0,0.652088772845953,0.9999975853404881
30,1,0.0,0.0,0.0,0.0,0.0,0.0,0.7683080808080809,0.7683080808080809,0.0,0.7943864229765013,0.9999971689396672
30,2,1.0,1.0,1.0,0.0,0.0,0.0,0.6401515151515152,0.6401515151515152,0.0,0.6338120104438643,0.7558571007930748
30,3,0.0,0.0,0.0,0.0,0.0,0.0,0.7544191919191919,0.7544191919191919,0.0,0.7800261096605744,0.9999972201174216
30,4,0.0,0.0,0.0,0.0,0.0,0.0,0.0,0.0,0.0,0.0,1.0
30,5,0.0,0.0,0.0,0.0,0.0,0.0,0.0,0.0,0.0,0.0,1.0
30,6,0.0,0.0,0.0,0.0,0.0,0.0,0.0,0.0,0.0,0.0,1.0
30,7,0.0,0.0,0.0,0.0,0.0,0.0,0.0,0.0,0.0,0.0,1.0
40,0,0.0,0.0,0.0,0.0,0.0,0.0,0.6306818181818182,0.6306818181818182,0.0,0.6305483028720626,0.9999976760646896
40,1,0.0,0.0,0.0,0.0,0.0,0.0,0.7683080808080809,0.7683080808080809,0.0,0.7943864229765013,0.9999971689396672
40,2,1.0,1.0,1.0,0.0,0.0,0.0,0.6130050505050506,0.6130050505050505,0.0,0.6168407310704961,0.7558572008223219
40,3,0.0,0.0,0.0,0.0,0.0,0.0,0.7544191919191919,0.7544191919191919,0.0,0.7800261096605744,0.9999972201174216
40,4,0.0,0.0,0.0,0.0,0.0,0.0,0.0,0.0,0.0,0.0,1.0
40,5,0.0,0.0,0.0,0.0,0.0,0.0,0.0,0.0,0.0,0.0,1.0
40,6,0.0,0.0,0.0,0.0,0.0,0.0,0.0,0.0,0.0,0.0,1.0
40,7,0.0,0.0,0.0,0.0,0.0,0.0,0.0,0.0,0.0,0.0,1.0
50,0,0.0,0.0,0.0,0.0,0.0,0.0,0.6098484848484849,0.6098484848484849,0.0,0.6044386422976501,0.9999977528313218
50,1,0.0,0.0,0.0,0.0,0.0,0.0,0.7683080808080809,0.7683080808080809,0.0,0.7969973890339426,0.9999971689396672
50,2,1.0,1.0,1.0,0.0,0.0,0.0,0.5965909090909092,0.5965909090909092,0.0,0.5926892950391645,0.7558572613051227
50,3,0.0,0.0,0.0,0.0,0.0,0.0,0.7544191919191919,0.7544191919191919,0.0,0.7839425587467364,0.9999972201174216
50,4,0.0,0.0,0.0,0.0,0.0,0.0,0.0,0.0,0.0,0.0,1.0
50,5,0.0,0.0,0.0,0.0,0.0,0.0,0.0,0.0,0.0,0.0,1.0
50,6,0.0,0.0,0.0,0.0,0.0,0.0,0.0,0.0,0.0,0.0,1.0
50,7,0.0,0.0,0.0,0.0,0.0,0.0,0.0,0.0,0.0,0.0,1.0
60,0,0.0,0.0,0.0,0.0,0.0,0.0,0.5845959595959597,0.5845959595959597,0.0,0.589425587467363,0.9999978458817846
60,1,0.0,0.0,0.0,0.0,0.0,0.0,0.7708333333333334,0.7708333333333334,0.0,0.7969973890339426,0.9999971596346211
60,2,1.0,1.0,1.0,0.0,0.0,0.0,0.5732323232323233,0.5732323232323232,0.0,0.5815926892950392,0.7558573473768011
60,3,0.0,0.0,0.0,0.0,0.0,0.0,0.7582070707070707,0.7582070707070707,0.0,0.7839425587467364,0.9999972061598523
60,4,0.0,0.0,0.0,0.0,0.0,0.0,0.0,0.0,0.0,0.0,1.0
60,5,0.0,0.0,0.0,0.0,0.0,0.0,0.0,0.0,0.0,0.0,1.0
60,6,0.0,0.0,0.0,0.0,0.0,0.0,0.0,0.0,0.0,0.0,1.0
60,7,0.0,0.0,0.0,0.0,0.0,0.0,0.0,0.0,0.0,0.0,1.0
70,0,0.0,0.0,0.0,0.0,0.0,0.0,0.5700757575757576,0.5700757575757576,0.0,0.5652741514360313,0.9999978993858005
70,1,0.0,0.0,0.0,0.0,0.0,0.0,0.7708333333333334,0.7708333333333334,0.0,0.7969973890339426,0.9999971596346211
70,2,1.0,1.0,1.0,0.0,0.0,0.0,0.5625,0.5625,0.0,0.564621409921671,0.7558573869232477
70,3,0.0,0.0,0.0,0.0,0.0,0.0,0.7582070707070707,0.7582070707070707,0.0,0.7839425587467364,0.9999972061598523
70,4,0.0,0.0,0.0,0.0,0.0,0.0,0.0,0.0,0.0,0.0,1.0
70,5,0.0,0.0,0.0,0.0,0.0,0.0,0.0,0.0,0.0,0.0,1.0
70,6,0.0,0.0,0.0,0.0,0.0,0.0,0.0,0.0,0.0,0.0,1.0
70,7,0.0,0.0,0.0,0.0,0.0,0.0,0.0,0.0,0.0,0.0,1.0
80,0,0.0,0.0,0.0,0.0,0.0,0.0,0.5467171717171717,0.5467171717171717,0.0,0.5574412532637075,0.9999979854574788
80,1,0.0,0.0,0.0,0.0,0.0,0.0,0.7708333333333334,0.7708333333333334,0.0,0.7963446475195822,0.9999971596346211
80,2,1.0,1.0,1.0,0.0,0.0,0.0,0.5460858585858587,0.5460858585858586,0.0,0.5515665796344648,0.7558574474060484
80,3,0.0,0.0,0.0,0.0,0.0,0.0,0.7582070707070707,0.7582070707070707,0.0,0.7839425587467364,0.9999972061598523
80,4,0.0,0.0,0.0,0.0,0.0,0.0,0.0,0.0,0.0,0.0,1.0
80,5,0.0,0.0,0.0,0.0,0.0,0.0,0.0,0.0,0.0,0.0,1.0
80,6,0.0,0.0,0.0,0.0,0.0,0.0,0.0,0.0,0.0,0.0,1.0
80,7,0.0,0.0,0.0,0.0,0.0,0.0,0.0,0.0,0.0,0.0,1.0
90,0,0.0,0.0,0.0,0.0,0.0,0.0,0.5391414141414141,0.5391414141414141,0.0,0.0,0.9999980133726174
90,1,0.0,0.0,0.0,0.0,0.0,0.0,0.7702020202020202,0.7702020202020202,0.0,0.0,0.9999971619608825
90,2,1.0,1.0,0.0,0.0,0.0,0.0,0.533459595959596,0.533459595959596,0.0,0.0,0.7558574939312803
90,3,0.0,0.0,0.0,0.0,0.0,0.0,0.7582070707070707,0.7582070707070707,0.0,0.0,0.9999972061598523
90,4,0.0,0.0,0.0,0.0,0.0,0.0,0.0,0.0,0.0,0.0,1.0
90,5,0.0,0.0,0.0,0.0,0.0,0.0,0.0,0.0,0.0,0.0,1.0
90,6,0.0,0.0,0.0,0.0,0.0,0.0,0.0,0.0,0.0,0.0,1.0
90,7,0.0,0.0,0.0,0.0,0.0,0.0,0.0,0.0,0.0,0.0,1.0
0,0,1.0,1.0,1.0,0.0,0.0,0.0,0.9696969696969697,0.9696969696969697,0.0,0.7780678851174935,0.755855886484534
0,1,0.0,0.0,0.0,0.0,0.0,0.0,0.8813131313131314,0.8813131313131313,0.0,0.9066579634464752,0.9999967525388458
0,2,0.0,0.0,0.0,0.0,0.0,0.0,0.696969696969697,0.6969696969696969,0.0,0.6684073107049608,0.9999974318072247
0,3,0.0,0.0,0.0,0.0,0.0,0.0,0.6085858585858587,0.6085858585858586,0.0,0.6377284595300261,0.9999977574838446
0,4,0.0,0.0,0.0,0.0,0.0,0.0,0.0,0.0,0.0,0.0,1.0
0,5,0.0,0.0,0.0,0.0,0.0,0.0,0.0,0.0,0.0,0.0,1.0
0,6,0.0,0.0,0.0,0.0,0.0,0.0,0.0,0.0,0.0,0.0,1.0
0,7,0.0,0.0,0.0,0.0,0.0,0.0,0.0,0.0,0.0,0.0,1.0
10,0,1.0,1.0,1.0,0.0,0.0,0.0,0.7525252525252526,0.7525252525252526,0.0,0.7212793733681462,0.7558566867185148
10,1,0.0,0.0,0.0,0.0,0.0,0.0,0.8768939393939394,0.8768939393939394,0.0,0.8975195822454308,0.999996768822677
10,2,0.0,0.0,0.0,0.0,0.0,0.0,0.6464646464646465,0.6464646464646465,0.0,0.6409921671018277,0.9999976179081504
10,3,0.0,0.0,0.0,0.0,0.0,0.0,0.6167929292929294,0.6167929292929294,0.0,0.6409921671018277,0.9999977272424441
10,4,0.0,0.0,0.0,0.0,0.0,0.0,0.0,0.0,0.0,0.0,1.0
10,5,0.0,0.0,0.0,0.0,0.0,0.0,0.0,0.0,0.0,0.0,1.0
10,6,0.0,0.0,0.0,0.0,0.0,0.0,0.0,0.0,0.0,0.0,1.0
10,7,0.0,0.0,0.0,0.0,0.0,0.0,0.0,0.0,0.0,0.0,1.0
20,0,1.0,1.0,1.0,0.0,0.0,0.0,0.6976010101010102,0.69760101010101,0.0,0.6710182767624021,0.7558568891032715
20,1,0.0,0.0,0.0,0.0,0.0,0.0,0.8680555555555556,0.8680555555555556,0.0,0.8851174934725848,0.9999968013903389
20,2,0.0,0.0,0.0,0.0,0.0,0.0,0.619949494949495,0.619949494949495,0.0,0.6246736292428199,0.9999977156111366
20,3,0.0,0.0,0.0,0.0,0.0,0.0,0.619949494949495,0.619949494949495,0.0,0.6442558746736292,0.9999977156111366
20,4,0.0,0.0,0.0,0.0,0.0,0.0,0.0,0.0,0.0,0.0,1.0
20,5,0.0,0.0,0.0,0.0,0.0,0.0,0.0,0.0,0.0,0.0,1.0
20,6,0.0,0.0,0.0,0.0,0.0,0.0,0.0,0.0,0.0,0.0,1.0
20,7,0.0,0.0,0.0,0.0,0.0,0.0,0.0,0.0,0.0,0.0,1.0
30,0,1.0,1.0,1.0,0.0,0.0,0.0,0.648989898989899,0.648989898989899,0.0,0.6370757180156658,0.7558570682254124
30,1,0.0,0.0,0.0,0.0,0.0,0.0,0.8560606060606062,0.8560606060606061,0.0,0.8779373368146214,0.9999968455893087
30,2,0.0,0.0,0.0,0.0,0.0,0.0,0.6041666666666667,0.6041666666666667,0.0,0.6031331592689295,0.9999977737676757
30,3,0.0,0.0,0.0,0.0,0.0,0.0,0.6231060606060607,0.6231060606060607,0.0,0.6442558746736292,0.9999977039798287
30,4,0.0,0.0,0.0,0.0,0.0,0.0,0.0,0.0,0.0,0.0,1.0
30,5,0.0,0.0,0.0,0.0,0.0,0.0,0.0,0.0,0.0,0.0,1.0
30,6,0.0,0.0,0.0,0.0,0.0,0.0,0.0,0.0,0.0,0.0,1.0
30,7,0.0,0.0,0.0,0.0,0.0,0.0,0.0,0.0,0.0,0.0,1.0
40,0,1.0,1.0,1.0,0.0,0.0,0.0,0.6161616161616162,0.6161616161616162,0.0,0.6109660574412533,0.7558571891910142
40,1,0.0,0.0,0.0,0.0,0.0,0.0,0.8491161616161617,0.8491161616161617,0.0,0.8668407310704961,0.9999968711781859
40,2,0.0,0.0,0.0,0.0,0.0,0.0,0.5833333333333334,0.5833333333333334,0.0,0.585509138381201,0.9999978505343079
40,3,0.0,0.0,0.0,0.0,0.0,0.0,0.6231060606060607,0.6231060606060607,0.0,0.6455613577023499,0.9999977039798287
40,4,0.0,0.0,0.0,0.0,0.0,0.0,0.0,0.0,0.0,0.0,1.0
40,5,0.0,0.0,0.0,0.0,0.0,0.0,0.0,0.0,0.0,0.0,1.0
40,6,0.0,0.0,0.0,0.0,0.0,0.0,0.0,0.0,0.0,0.0,1.0
40,7,0.0,0.0,0.0,0.0,0.0,0.0,0.0,0.0,0.0,0.0,1.0
50,0,1.0,1.0,1.0,0.0,0.0,0.0,0.5909090909090909,0.5909090909090909,0.0,0.5835509138381201,0.7558572822414769
50,1,0.0,0.0,0.0,0.0,0.0,0.0,0.8383838383838385,0.8383838383838383,0.0,0.8596605744125326,0.9999969107246325
50,2,0.0,0.0,0.0,0.0,0.0,0.0,0.5662878787878788,0.5662878787878789,0.0,0.5633159268929504,0.9999979133433698
50,3,0.0,0.0,0.0,0.0,0.0,0.0,0.624368686868687,0.6243686868686869,0.0,0.6514360313315927,0.9999976993273059
50,4,0.0,0.0,0.0,0.0,0.0,0.0,0.0,0.0,0.0,0.0,1.0
50,5,0.0,0.0,0.0,0.0,0.0,0.0,0.0,0.0,0.0,0.0,1.0
50,6,0.0,0.0,0.0,0.0,0.0,0.0,0.0,0.0,0.0,0.0,1.0
50,7,0.0,0.0,0.0,0.0,0.0,0.0,0.0,0.0,0.0,0.0,1.0
60,0,1.0,1.0,1.0,0.0,0.0,0.0,0.5643939393939394,0.5643939393939396,0.0,0.5535248041775457,0.7558573799444628
60,1,0.0,0.0,0.0,0.0,0.0,0.0,0.831439393939394,0.831439393939394,0.0,0.8485639686684073,0.9999969363135102
60,2,0.0,0.0,0.0,0.0,0.0,0.0,0.5448232323232324,0.5448232323232324,0.0,0.545691906005222,0.9999979924362639
60,3,0.0,0.0,0.0,0.0,0.0,0.0,0.6300505050505051,0.6300505050505051,0.0,0.6527415143603134,0.9999976783909514
60,4,0.0,0.0,0.0,0.0,0.0,0.0,0.0,0.0,0.0,0.0,1.0
60,5,0.0,0.0,0.0,0.0,0.0,0.0,0.0,0.0,0.0,0.0,1.0
60,6,0.0,0.0,0.0,0.0,0.0,0.0,0.0,0.0,0.0,0.0,1.0
60,7,0.0,0.0,0.0,0.0,0.0,0.0,0.0,0.0,0.0,0.0,1.0
70,0,1.0,1.0,1.0,0.0,0.0,0.0,0.5353535353535354,0.5353535353535354,0.0,0.5176240208877285,0.7558574869524954
70,1,0.0,0.0,0.0,0.0,0.0,0.0,0.8207070707070708,0.8207070707070707,0.0,0.8381201044386423,0.9999969758599567
70,2,0.0,0.0,0.0,0.0,0.0,0.0,0.5277777777777778,0.5277777777777778,0.0,0.5319843342036553,0.9999980552453258
70,3,0.0,0.0,0.0,0.0,0.0,0.0,0.6313131313131314,0.6313131313131314,0.0,0.6553524804177546,0.9999976737384282
70,4,0.0,0.0,0.0,0.0,0.0,0.0,0.0,0.0,0.0,0.0,1.0
70,5,0.0,0.0,0.0,0.0,0.0,0.0,0.0,0.0,0.0,0.0,1.0
70,6,0.0,0.0,0.0,0.0,0.0,0.0,0.0,0.0,0.0,0.0,1.0
70,7,0.0,0.0,0.0,0.0,0.0,0.0,0.0,0.0,0.0,0.0,1.0
80,0,1.0,1.0,1.0,0.0,0.0,0.0,0.5006313131313131,0.5006313131313131,0.0,0.4941253263707572,0.7558576148968819
80,1,0.0,0.0,0.0,0.0,0.0,0.0,0.8106060606060607,0.8106060606060607,0.0,0.827023498694517,0.9999970130801419
80,2,0.0,0.0,0.0,0.0,0.0,0.0,0.5145202020202021,0.5145202020202021,0.0,0.5202349869451697,0.9999981040968189
80,3,0.0,0.0,0.0,0.0,0.0,0.0,0.6338383838383839,0.633838383838384,0.0,0.6553524804177546,0.9999976644333821
80,4,0.0,0.0,0.0,0.0,0.0,0.0,0.0,0.0,0.0,0.0,1.0
80,5,0.0,0.0,0.0,0.0,0.0,0.0,0.0,0.0,0.0,0.0,1.0
80,6,0.0,0.0,0.0,0.0,0.0,0.0,0.0,0.0,0.0,0.0,1.0
80,7,0.0,0.0,0.0,0.0,0.0,0.0,0.0,0.0,0.0,0.0,1.0
90,0,1.0,1.0,0.0,0.0,0.0,0.0,0.47790404040404044,0.47790404040404044,0.0,0.0,0.7558576986422985
90,1,0.0,0.0,0.0,0.0,0.0,0.0,0.7998737373737375,0.7998737373737373,0.0,0.0,0.9999970526265884
90,2,0.0,0.0,0.0,0.0,0.0,0.0,0.5031565656565657,0.5031565656565656,0.0,0.0,0.9999981459695273
90,3,0.0,0.0,0.0,0.0,0.0,0.0,0.6338383838383839,0.633838383838384,0.0,0.0,0.9999976644333821
90,4,0.0,0.0,0.0,0.0,0.0,0.0,0.0,0.0,0.0,0.0,1.0
90,5,0.0,0.0,0.0,0.0,0.0,0.0,0.0,0.0,0.0,0.0,1.0
90,6,0.0,0.0,0.0,0.0,0.0,0.0,0.0,0.0,0.0,0.0,1.0
90,7,0.0,0.0,0.0,0.0,0.0,0.0,0.0,0.0,0.0,0.0,1.0
0,0,0.0,0.0,0.0,0.0,0.0,0.0,0.1066919191919192,0.1066919191919192,0.0,0.11357702349869452,0.9999996068617945
0,1,0.0,0.0,0.0,0.0,0.0,0.0,0.09722222222222222,0.09722222222222222,0.0,0.10378590078328982,0.9999996417557178
0,2,0.0,0.0,0.0,0.0,0.0,0.0,0.08648989898989899,0.08648989898989899,0.0,0.09073107049608355,0.9999996813021648
0,3,0.0,0.0,0.0,1.0,1.0,1.0,0.06313131313131314,0.06313131313131314,0.0,0.06984334203655353,1.1398681709628988e-07
0,4,1.0,1.0,1.0,0.0,0.0,0.0,0.8655303030303031,0.865530303030303,0.0,0.8681462140992168,0.7558562703176932
0,5,0.0,0.0,0.0,0.0,0.0,0.0,0.8036616161616162,0.8036616161616164,0.0,0.8133159268929504,0.9999970386690191
0,6,0.0,0.0,0.0,0.0,0.0,0.0,0.5871212121212122,0.5871212121212122,0.0,0.6090078328981723,0.9999978365767381
0,7,0.0,0.0,0.0,0.0,0.0,0.0,0.5467171717171717,0.5467171717171717,0.0,0.5626631853785901,0.9999979854574788
10,0,0.0,0.0,0.0,0.0,0.0,0.0,0.10984848484848486,0.10984848484848485,0.0,0.11814621409921672,0.9999995952304861
10,1,0.0,0.0,0.0,0.0,0.0,0.0,0.10037878787878789,0.10037878787878789,0.0,0.10900783289817233,0.9999996301244098
10,2,0.0,0.0,0.0,0.0,0.0,0.0,0.08775252525252526,0.08775252525252526,0.0,0.09138381201044386,0.9999996766496415
10,3,0.0,0.0,0.0,1.0,1.0,1.0,0.06755050505050506,0.06755050505050506,0.0,0.07702349869451697,9.77029859239309e-08
10,4,1.0,1.0,1.0,0.0,0.0,0.0,0.8396464646464648,0.8396464646464646,0.0,0.7108355091383812,0.7558563656944177
10,5,0.0,0.0,0.0,0.0,0.0,0.0,0.7866161616161617,0.7866161616161617,0.0,0.8009138381201044,0.9999971014780815
10,6,0.0,0.0,0.0,0.0,0.0,0.0,0.5890151515151516,0.5890151515151515,0.0,0.5887728459530026,0.9999978295979535
10,7,0.0,0.0,0.0,0.0,0.0,0.0,0.5441919191919192,0.5441919191919192,0.0,0.5574412532637075,0.9999979947625253
20,0,0.0,0.0,0.0,0.0,0.0,0.0,0.11426767676767678,0.11426767676767677,0.0,0.1227154046997389,0.9999995789466554
20,1,0.0,0.0,0.0,0.0,0.0,0.0,0.10542929292929294,0.10542929292929293,0.0,0.11422976501305483,0.9999996115143177
20,2,0.0,0.0,0.0,0.0,0.0,0.0,0.0883838383838384,0.08838383838383838,0.0,0.09530026109660575,0.9999996743233797
20,3,0.0,0.0,0.0,1.0,1.0,1.0,0.0744949494949495,0.0744949494949495,0.0,0.08224543080939947,7.211410868457335e-08
20,4,1.0,1.0,1.0,0.0,0.0,0.0,0.6875000000000001,0.6875,0.0,0.6383812010443864,0.7558569263234567
20,5,0.0,0.0,0.0,0.0,0.0,0.0,0.7746212121212122,0.7746212121212122,0.0,0.7845953002610966,0.9999971456770513
20,6,0.0,0.0,0.0,0.0,0.0,0.0,0.5694444444444445,0.5694444444444445,0.0,0.5548302872062664,0.9999979017120619
20,7,0.0,0.0,0.0,0.0,0.0,0.0,0.5391414141414141,0.5391414141414141,0.0,0.5554830287206266,0.9999980133726174
30,0,0.0,0.0,0.0,0.0,0.0,0.0,0.1186868686868687,0.1186868686868687,0.0,0.12663185378590078,0.9999995626628242
30,1,0.0,0.0,0.0,0.0,0.0,0.0,0.11047979797979798,0.11047979797979798,0.0,0.11945169712793734,0.9999995929042247
30,2,0.0,0.0,0.0,0.0,0.0,0.0,0.09217171717171718,0.09217171717171717,0.0,0.09856396866840732,0.9999996603658103
30,3,0.0,0.0,0.0,1.0,1.0,1.0,0.07954545454545456,0.07954545454545456,0.0,0.0881201044386423,5.350401610648703e-08
30,4,1.0,1.0,1.0,0.0,0.0,0.0,0.6174242424242424,0.6174242424242425,0.0,0.575065274151436,0.7558571845384909
30,5,0.0,0.0,0.0,0.0,0.0,0.0,0.7588383838383839,0.7588383838383839,0.0,0.7715404699738904,0.9999972038335905
30,6,0.0,0.0,0.0,0.0,0.0,0.0,0.5366161616161617,0.5366161616161617,0.0,0.5280678851174935,0.9999980226776639
30,7,0.0,0.0,0.0,0.0,0.0,0.0,0.5372474747474748,0.5372474747474748,0.0,0.5522193211488251,0.9999980203514021
40,0,0.0,0.0,0.0,0.0,0.0,0.0,0.12247474747474749,0.12247474747474744,0.0,0.13120104438642297,0.9999995487052549
40,1,0.0,0.0,0.0,0.0,0.0,0.0,0.11553030303030304,0.11553030303030302,0.0,0.12336814621409922,0.9999995742941321
40,2,0.0,0.0,0.0,0.0,0.0,0.0,0.09532828282828283,0.09532828282828283,0.0,0.10182767624020887,0.9999996487345024
40,3,0.0,0.0,0.0,1.0,1.0,1.0,0.08522727272727273,0.08522727272727273,0.0,0.09464751958224543,3.2567661900628764e-08
40,4,1.0,1.0,1.0,0.0,0.0,0.0,0.5561868686868687,0.5561868686868687,0.0,0.5202349869451697,0.7558574101858633
40,5,0.0,0.0,0.0,0.0,0.0,0.0,0.7462121212121213,0.7462121212121212,0.0,0.7597911227154047,0.9999972503588221
40,6,0.0,0.0,0.0,0.0,0.0,0.0,0.5107323232323233,0.5107323232323232,0.0,0.4934725848563969,0.9999981180543882
40,7,0.0,0.0,0.0,0.0,0.0,0.0,0.5340909090909092,0.5340909090909092,0.0,0.5522193211488251,0.9999980319827104
50,0,0.0,0.0,0.0,0.0,0.0,0.0,0.1268939393939394,0.1268939393939394,0.0,0.13185378590078328,0.9999995324214241
50,1,0.0,0.0,0.0,0.0,0.0,0.0,0.11931818181818182,0.11931818181818182,0.0,0.12597911227154046,0.9999995603365623
50,2,0.0,0.0,0.0,0.0,0.0,0.0,0.0984848484848485,0.0984848484848485,0.0,0.10639686684073107,0.9999996371031945
50,3,0.0,0.0,0.0,1.0,1.0,1.0,0.09154040404040405,0.09154040404040405,0.0,0.09595300261096606,9.305046289043162e-09
50,4,1.0,1.0,1.0,0.0,0.0,0.0,0.5031565656565657,0.5031565656565656,0.0,0.47911227154047,0.7558576055918353
50,5,0.0,0.0,0.0,0.0,0.0,0.0,0.7348484848484849,0.7348484848484849,0.0,0.7473890339425587,0.9999972922315301
50,6,0.0,0.0,0.0,0.0,0.0,0.0,0.4772727272727273,0.4772727272727273,0.0,0.4660574412532637,0.9999982413462516
50,7,0.0,0.0,0.0,0.0,0.0,0.0,0.5340909090909092,0.5340909090909092,0.0,0.5476501305483029,0.9999980319827104
60,0,0.0,0.0,0.0,0.0,0.0,0.0,0.12752525252525254,0.12752525252525254,0.0,0.1364229765013055,0.9999995300951623
60,1,0.0,0.0,0.0,0.0,0.0,0.0,0.12184343434343435,0.12184343434343434,0.0,0.13054830287206268,0.9999995510315163
60,2,0.0,0.0,0.0,0.0,0.0,0.0,0.10290404040404041,0.1029040404040404,0.0,0.1077023498694517,0.9999996208193633
60,3,0.0,0.0,0.0,1.0,1.0,1.0,0.09280303030303032,0.09280303030303032,0.0,0.09725848563968668,4.652523255543883e-09
60,4,1.0,1.0,1.0,0.0,0.0,0.0,0.4633838383838384,0.46338383838383834,0.0,0.4366840731070496,0.7558577521463146
60,5,0.0,0.0,0.0,0.0,0.0,0.0,0.7228535353535355,0.7228535353535355,0.0,0.7284595300261096,0.9999973364305004
60,6,0.0,0.0,0.0,0.0,0.0,0.0,0.4507575757575758,0.45075757575757575,0.0,0.4490861618798956,0.9999983390492377
60,7,0.0,0.0,0.0,0.0,0.0,0.0,0.5296717171717172,0.5296717171717171,0.0,0.5404699738903395,0.9999980482665412
70,0,0.0,0.0,0.0,0.0,0.0,0.0,0.13194444444444445,0.13194444444444445,0.0,0.13838120104438642,0.9999995138113311
70,1,0.0,0.0,0.0,0.0,0.0,0.0,0.12626262626262627,0.1262626262626263,0.0,0.13054830287206268,0.9999995347476855
70,2,0.0,0.0,0.0,0.0,0.0,0.0,0.10416666666666667,0.10416666666666667,0.0,0.10704960835509139,0.9999996161668405
70,3,0.0,0.0,0.0,1.0,1.0,1.0,0.09406565656565657,0.09406565656565657,0.0,0.09464751958224543,0.0
70,4,1.0,1.0,1.0,0.0,0.0,0.0,0.42234848484848486,0.4223484848484849,0.0,0.402088772845953,0.7558579033533166
70,5,0.0,0.0,0.0,0.0,0.0,0.0,0.7045454545454546,0.7045454545454546,0.0,0.7160574412532638,0.999997403892086
70,6,0.0,0.0,0.0,0.0,0.0,0.0,0.43434343434343436,0.43434343434343436,0.0,0.4275456919060052,0.9999983995320387
70,7,0.0,0.0,0.0,0.0,0.0,0.0,0.5227272727272728,0.5227272727272727,0.0,0.5385117493472585,0.9999980738554184
80,0,0.0,0.0,0.0,0.0,0.0,0.0,0.13383838383838384,0.13383838383838384,0.0,0.13903394255874674,0.9999995068325465
80,1,0.0,0.0,0.0,0.0,0.0,0.0,0.12626262626262627,0.1262626262626263,0.0,0.13446475195822455,0.9999995347476855
80,2,0.0,0.0,0.0,0.0,0.0,0.0,0.10353535353535355,0.10353535353535355,0.0,0.1077023498694517,0.9999996184931019
80,3,0.0,0.0,0.0,1.0,1.0,1.0,0.09154040404040405,0.09154040404040405,0.0,0.09138381201044386,9.305046289043162e-09
80,4,1.0,1.0,1.0,0.0,0.0,0.0,0.3888888888888889,0.3888888888888889,0.0,0.37467362924281983,0.7558580266451802
80,5,0.0,0.0,0.0,0.0,0.0,0.0,0.6925505050505051,0.692550505050505,0.0,0.7023498694516971,0.9999974480910558
80,6,0.0,0.0,0.0,0.0,0.0,0.0,0.41351010101010105,0.41351010101010105,0.0,0.40992167101827676,0.9999984762986704
80,7,0.0,0.0,0.0,0.0,0.0,0.0,0.5208333333333334,0.5208333333333334,0.0,0.5372062663185379,0.999998080834203
90,0,0.0,0.0,0.0,0.0,0.0,0.0,0.134469696969697,0.134469696969697,0.0,0.0,0.999999504506285
90,1,0.0,0.0,0.0,0.0,0.0,0.0,0.13005050505050506,0.13005050505050506,0.0,0.0,0.9999995207901158
90,2,0.0,0.0,0.0,0.0,0.0,0.0,0.10416666666666667,0.10416666666666667,0.0,0.0,0.9999996161668405
90,3,0.0,0.0,0.0,1.0,1.0,0.0,0.0883838383838384,0.08838383838383838,0.0,0.0,2.093635398381366e-08
90,4,1.0,1.0,0.0,0.0,0.0,0.0,0.3623737373737374,0.36237373737373735,0.0,0.0,0.7558581243481657
90,5,0.0,0.0,0.0,0.0,0.0,0.0,0.6792929292929294,0.6792929292929294,0.0,0.0,0.9999974969425489
90,6,0.0,0.0,0.0,0.0,0.0,0.0,0.3964646464646465,0.39646464646464646,0.0,0.0,0.9999985391077328
90,7,0.0,0.0,0.0,0.0,0.0,0.0,0.5195707070707071,0.5195707070707071,0.0,0.0,0.9999980854867263
0,0,0.0,0.0,0.0,0.0,0.0,0.0,0.0,0.0,0.0,0.0,1.0
0,1,0.0,0.0,0.0,0.0,0.0,0.0,0.0,0.0,0.0,0.0,1.0
0,2,0.0,0.0,0.0,0.0,0.0,0.0,0.0,0.0,0.0,0.0,1.0
0,3,0.0,0.0,0.0,1.0,1.0,1.0,0.0,0.0,0.0,0.0,3.466129741003243e-07
0,4,1.0,1.0,1.0,0.0,0.0,0.0,0.9198232323232324,0.9198232323232324,0.0,0.9327676240208878,0.7558560702591983
0,5,0.0,0.0,0.0,0.0,0.0,0.0,0.9135101010101011,0.9135101010101011,0.0,0.9255874673629243,0.9999966338995061
0,6,0.0,0.0,0.0,0.0,0.0,0.0,0.6641414141414141,0.6641414141414141,0.0,0.6873368146214099,0.9999975527728266
0,7,0.0,0.0,0.0,0.0,0.0,0.0,0.6590909090909092,0.6590909090909092,0.0,0.6827676240208878,0.9999975713829188
10,0,0.0,0.0,0.0,0.0,0.0,0.0,0.0,0.0,0.0,0.0,1.0
10,1,0.0,0.0,0.0,0.0,0.0,0.0,0.0,0.0,0.0,0.0,1.0
10,2,0.0,0.0,0.0,0.0,0.0,0.0,0.0,0.0,0.0,0.0,1.0
10,3,0.0,0.0,0.0,1.0,1.0,1.0,0.0,0.0,0.0,0.0,3.466129741003243e-07
10,4,1.0,1.0,1.0,0.0,0.0,0.0,0.9021464646464648,0.9021464646464646,0.0,0.9210182767624021,0.7558561353945221
10,5,0.0,0.0,0.0,0.0,0.0,0.0,0.8952020202020203,0.8952020202020202,0.0,0.9151436031331592,0.9999967013610913
10,6,0.0,0.0,0.0,0.0,0.0,0.0,0.6647727272727273,0.6647727272727273,0.0,0.6886422976501305,0.9999975504465648
10,7,0.0,0.0,0.0,0.0,0.0,0.0,0.6603535353535354,0.6603535353535354,0.0,0.6840731070496083,0.999997566730396
20,0,0.0,0.0,0.0,0.0,0.0,0.0,0.0,0.0,0.0,0.0,1.0
20,1,0.0,0.0,0.0,0.0,0.0,0.0,0.0,0.0,0.0,0.0,1.0
20,2,0.0,0.0,0.0,0.0,0.0,0.0,0.0,0.0,0.0,0.0,1.0
20,3,0.0,0.0,0.0,1.0,1.0,1.0,0.0,0.0,0.0,0.0,3.466129741003243e-07
20,4,1.0,1.0,1.0,0.0,0.0,0.0,0.8907828282828284,0.8907828282828284,0.0,0.9060052219321149,0.7558561772672305
20,5,0.0,0.0,0.0,0.0,0.0,0.0,0.8851010101010102,0.88510101010101,0.0,0.902088772845953,0.9999967385812765
20,6,0.0,0.0,0.0,0.0,0.0,0.0,0.6660353535353536,0.6660353535353536,0.0,0.6919060052219321,0.9999975457940415
20,7,0.0,0.0,0.0,0.0,0.0,0.0,0.6616161616161617,0.6616161616161617,0.0,0.6879895561357703,0.9999975620778727
30,0,0.0,0.0,0.0,0.0,0.0,0.0,0.0,0.0,0.0,0.0,1.0
30,1,0.0,0.0,0.0,0.0,0.0,0.0,0.0,0.0,0.0,0.0,1.0
30,2,0.0,0.0,0.0,0.0,0.0,0.0,0.0,0.0,0.0,0.0,1.0
30,3,0.0,0.0,0.0,1.0,1.0,1.0,0.0,0.0,0.0,0.0,3.466129741003243e-07
30,4,1.0,1.0,1.0,0.0,0.0,0.0,0.8762626262626263,0.8762626262626263,0.0,0.8975195822454308,0.7558562307712466
30,5,0.0,0.0,0.0,0.0,0.0,0.0,0.8724747474747475,0.8724747474747475,0.0,0.891644908616188,0.9999967851065081
30,6,0.0,0.0,0.0,0.0,0.0,0.0,0.6691919191919192,0.6691919191919192,0.0,0.6925587467362925,0.9999975341627341
30,7,0.0,0.0,0.0,0.0,0.0,0.0,0.6654040404040404,0.6654040404040404,0.0,0.6886422976501305,0.999997548120303
40,0,0.0,0.0,0.0,0.0,0.0,0.0,0.0,0.0,0.0,0.0,1.0
40,1,0.0,0.0,0.0,0.0,0.0,0.0,0.0,0.0,0.0,0.0,1.0
40,2,0.0,0.0,0.0,0.0,0.0,0.0,0.0,0.0,0.0,0.0,1.0
40,3,0.0,0.0,0.0,1.0,1.0,1.0,0.0,0.0,0.0,0.0,3.466129741003243e-07
40,4,1.0,1.0,1.0,0.0,0.0,0.0,0.8680555555555556,0.8680555555555556,0.0,0.8825065274151436,0.7558562610126469
40,5,0.0,0.0,0.0,0.0,0.0,0.0,0.8623737373737375,0.8623737373737373,0.0,0.881201044386423,0.9999968223266933
40,6,0.0,0.0,0.0,0.0,0.0,0.0,0.6698232323232324,0.6698232323232324,0.0,0.6984334203655352,0.9999975318364722
40,7,0.0,0.0,0.0,0.0,0.0,0.0,0.6660353535353536,0.6660353535353536,0.0,0.6919060052219321,0.9999975457940415
50,0,0.0,0.0,0.0,0.0,0.0,0.0,0.0,0.0,0.0,0.0,1.0
50,1,0.0,0.0,0.0,0.0,0.0,0.0,0.0,0.0,0.0,0.0,1.0
50,2,0.0,0.0,0.0,0.0,0.0,0.0,0.0,0.0,0.0,0.0,1.0
50,3,0.0,0.0,0.0,1.0,1.0,1.0,0.0,0.0,0.0,0.0,3.466129741003243e-07
50,4,1.0,1.0,1.0,0.0,0.0,0.0,0.8535353535353536,0.8535353535353536,0.0,0.8720626631853786,0.755856314516663
50,5,0.0,0.0,0.0,0.0,0.0,0.0,0.8522727272727273,0.8522727272727273,0.0,0.8779373368146214,0.9999968595468784
50,6,0.0,0.0,0.0,0.0,0.0,0.0,0.6755050505050506,0.6755050505050505,0.0,0.7003916449086162,0.9999975109001178
50,7,0.0,0.0,0.0,0.0,0.0,0.0,0.6691919191919192,0.6691919191919192,0.0,0.6964751958224543,0.9999975341627341
60,0,0.0,0.0,0.0,0.0,0.0,0.0,0.0,0.0,0.0,0.0,1.0
60,1,0.0,0.0,0.0,0.0,0.0,0.0,0.0,0.0,0.0,0.0,1.0
60,2,0.0,0.0,0.0,0.0,0.0,0.0,0.0,0.0,0.0,0.0,1.0
60,3,0.0,0.0,0.0,1.0,1.0,1.0,0.0,0.0,0.0,0.0,3.466129741003243e-07
60,4,1.0,1.0,1.0,0.0,0.0,0.0,0.8434343434343435,0.8434343434343434,0.0,0.8733681462140992,0.7558563517368482
60,5,0.0,0.0,0.0,0.0,0.0,0.0,0.8491161616161617,0.8491161616161617,0.0,0.8720626631853786,0.9999968711781859
60,6,0.0,0.0,0.0,0.0,0.0,0.0,0.67739898989899,0.6773989898989898,0.0,0.6984334203655352,0.9999975039213331
60,7,0.0,0.0,0.0,0.0,0.0,0.0,0.6736111111111112,0.673611111111111,0.0,0.6964751958224543,0.9999975178789029
70,0,0.0,0.0,0.0,0.0,0.0,0.0,0.0,0.0,0.0,0.0,1.0
70,1,0.0,0.0,0.0,0.0,0.0,0.0,0.0,0.0,0.0,0.0,1.0
70,2,0.0,0.0,0.0,0.0,0.0,0.0,0.0,0.0,0.0,0.0,1.0
70,3,0.0,0.0,0.0,1.0,1.0,1.0,0.0,0.0,0.0,0.0,3.466129741003243e-07
70,4,1.0,1.0,1.0,0.0,0.0,0.0,0.8446969696969697,0.8446969696969698,0.0,0.8655352480417755,0.7558563470843254
70,5,0.0,0.0,0.0,0.0,0.0,0.0,0.8434343434343435,0.8434343434343434,0.0,0.8642297650130548,0.9999968921145403
70,6,0.0,0.0,0.0,0.0,0.0,0.0,0.6755050505050506,0.6755050505050505,0.0,0.6990861618798956,0.9999975109001178
70,7,0.0,0.0,0.0,0.0,0.0,0.0,0.6736111111111112,0.673611111111111,0.0,0.7016971279373369,0.9999975178789029
80,0,0.0,0.0,0.0,0.0,0.0,0.0,0.0,0.0,0.0,0.0,1.0
80,1,0.0,0.0,0.0,0.0,0.0,0.0,0.0,0.0,0.0,0.0,1.0
80,2,0.0,0.0,0.0,0.0,0.0,0.0,0.0,0.0,0.0,0.0,1.0
80,3,0.0,0.0,0.0,1.0,1.0,1.0,0.0,0.0,0.0,0.0,3.466129741003243e-07
80,4,1.0,1.0,1.0,0.0,0.0,0.0,0.8371212121212122,0.8371212121212122,0.0,0.8531331592689295,0.7558563749994645
80,5,0.0,0.0,0.0,0.0,0.0,0.0,0.835858585858586,0.8358585858585859,0.0,0.8563968668407311,0.999996920029679
80,6,0.0,0.0,0.0,0.0,0.0,0.0,0.6761363636363636,0.6761363636363636,0.0,0.7030026109660574,0.9999975085738564
80,7,0.0,0.0,0.0,0.0,0.0,0.0,0.6786616161616162,0.6786616161616162,0.0,0.7030026109660574,0.9999974992688103
90,0,0.0,0.0,0.0,0.0,0.0,0.0,0.0,0.0,0.0,0.0,1.0
90,1,0.0,0.0,0.0,0.0,0.0,0.0,0.0,0.0,0.0,0.0,1.0
90,2,0.0,0.0,0.0,0.0,0.0,0.0,0.0,0.0,0.0,0.0,1.0
90,3,0.0,0.0,0.0,1.0,1.0,0.0,0.0,0.0,0.0,0.0,3.466129741003243e-07
90,4,1.0,1.0,0.0,0.0,0.0,0.0,0.8251262626262627,0.8251262626262627,0.0,0.0,0.7558564191984338
90,5,0.0,0.0,0.0,0.0,0.0,0.0,0.8282828282828284,0.8282828282828284,0.0,0.0,0.9999969479448176
90,6,0.0,0.0,0.0,0.0,0.0,0.0,0.6799242424242424,0.6799242424242427,0.0,0.0,0.9999974946162871
90,7,0.0,0.0,0.0,0.0,0.0,0.0,0.6799242424242424,0.6799242424242427,0.0,0.0,0.9999974946162871
0,0,1.0,1.0,1.0,0.0,0.0,0.0,0.8806818181818182,0.8806818181818182,0.0,0.9092689295039165,0.7558562144874157
0,1,0.0,0.0,0.0,0.0,0.0,0.0,0.8251262626262627,0.8251262626262627,0.0,0.8524804177545692,0.9999969595761256
0,2,0.0,0.0,0.0,0.0,0.0,0.0,0.7367424242424243,0.7367424242424242,0.0,0.7630548302872063,0.9999972852527454
0,3,0.0,0.0,0.0,0.0,0.0,0.0,0.7140151515151516,0.7140151515151515,0.0,0.7389033942558747,0.9999973689981623
0,4,0.0,0.0,0.0,0.0,0.0,0.0,0.0,0.0,0.0,0.0,1.0
0,5,0.0,0.0,0.0,0.0,0.0,0.0,0.0,0.0,0.0,0.0,1.0
0,6,0.0,0.0,0.0,0.0,0.0,0.0,0.0,0.0,0.0,0.0,1.0
0,7,0.0,0.0,0.0,0.0,0.0,0.0,0.0,0.0,0.0,0.0,1.0
10,0,1.0,1.0,1.0,0.0,0.0,0.0,0.879419191919192,0.8794191919191919,0.0,0.9046997389033943,0.755856219139939
10,1,0.0,0.0,0.0,0.0,0.0,0.0,0.8244949494949496,0.8244949494949496,0.0,0.8544386422976501,0.999996961902387
10,2,0.0,0.0,0.0,0.0,0.0,0.0,0.7380050505050506,0.7380050505050505,0.0,0.7597911227154047,0.9999972806002226
10,3,0.0,0.0,0.0,0.0,0.0,0.0,0.7146464646464648,0.7146464646464646,0.0,0.7447780678851175,0.9999973666719009
10,4,0.0,0.0,0.0,0.0,0.0,0.0,0.0,0.0,0.0,0.0,1.0
10,5,0.0,0.0,0.0,0.0,0.0,0.0,0.0,0.0,0.0,0.0,1.0
10,6,0.0,0.0,0.0,0.0,0.0,0.0,0.0,0.0,0.0,0.0,1.0
10,7,0.0,0.0,0.0,0.0,0.0,0.0,0.0,0.0,0.0,0.0,1.0
20,0,1.0,1.0,1.0,0.0,0.0,0.0,0.8750000000000001,0.875,0.0,0.9040469973890339,0.7558562354237699
20,1,0.0,0.0,0.0,0.0,0.0,0.0,0.826388888888889,0.826388888888889,0.0,0.8518276762402089,0.9999969549236023
20,2,0.0,0.0,0.0,0.0,0.0,0.0,0.7348484848484849,0.7348484848484849,0.0,0.7604438642297651,0.9999972922315301
20,3,0.0,0.0,0.0,0.0,0.0,0.0,0.7203282828282829,0.7203282828282829,0.0,0.7473890339425587,0.9999973457355464
20,4,0.0,0.0,0.0,0.0,0.0,0.0,0.0,0.0,0.0,0.0,1.0
20,5,0.0,0.0,0.0,0.0,0.0,0.0,0.0,0.0,0.0,0.0,1.0
20,6,0.0,0.0,0.0,0.0,0.0,0.0,0.0,0.0,0.0,0.0,1.0
20,7,0.0,0.0,0.0,0.0,0.0,0.0,0.0,0.0,0.0,0.0,1.0
30,0,1.0,1.0,1.0,0.0,0.0,0.0,0.874368686868687,0.874368686868687,0.0,0.902088772845953,0.7558562377500313
30,1,0.0,0.0,0.0,0.0,0.0,0.0,0.8238636363636365,0.8238636363636365,0.0,0.8518276762402089,0.9999969642286488
30,2,0.0,0.0,0.0,0.0,0.0,0.0,0.735479797979798,0.735479797979798,0.0,0.762402088772846,0.9999972899052687
30,3,0.0,0.0,0.0,0.0,0.0,0.0,0.7228535353535355,0.7228535353535355,0.0,0.7473890339425587,0.9999973364305004
30,4,0.0,0.0,0.0,0.0,0.0,0.0,0.0,0.0,0.0,0.0,1.0
30,5,0.0,0.0,0.0,0.0,0.0,0.0,0.0,0.0,0.0,0.0,1.0
30,6,0.0,0.0,0.0,0.0,0.0,0.0,0.0,0.0,0.0,0.0,1.0
30,7,0.0,0.0,0.0,0.0,0.0,0.0,0.0,0.0,0.0,0.0,1.0
40,0,1.0,1.0,1.0,0.0,0.0,0.0,0.8724747474747475,0.8724747474747475,0.0,0.8962140992167102,0.755856244728816
40,1,0.0,0.0,0.0,0.0,0.0,0.0,0.8238636363636365,0.8238636363636365,0.0,0.8459530026109661,0.9999969642286488
40,2,0.0,0.0,0.0,0.0,0.0,0.0,0.7373737373737375,0.7373737373737373,0.0,0.7637075718015666,0.999997282926484
40,3,0.0,0.0,0.0,0.0,0.0,0.0,0.7228535353535355,0.7228535353535355,0.0,0.75,0.9999973364305004
40,4,0.0,0.0,0.0,0.0,0.0,0.0,0.0,0.0,0.0,0.0,1.0
40,5,0.0,0.0,0.0,0.0,0.0,0.0,0.0,0.0,0.0,0.0,1.0
40,6,0.0,0.0,0.0,0.0,0.0,0.0,0.0,0.0,0.0,0.0,1.0
40,7,0.0,0.0,0.0,0.0,0.0,0.0,0.0,0.0,0.0,0.0,1.0
50,0,1.0,1.0,1.0,0.0,0.0,0.0,0.8667929292929294,0.8667929292929294,0.0,0.8851174934725848,0.7558562656651706
50,1,0.0,0.0,0.0,0.0,0.0,0.0,0.8181818181818182,0.8181818181818182,0.0,0.8348563968668408,0.9999969851650028
50,2,0.0,0.0,0.0,0.0,0.0,0.0,0.7386363636363636,0.7386363636363636,0.0,0.7650130548302873,0.9999972782739608
50,3,0.0,0.0,0.0,0.0,0.0,0.0,0.725378787878788,0.725378787878788,0.0,0.7513054830287207,0.9999973271254539
50,4,0.0,0.0,0.0,0.0,0.0,0.0,0.0,0.0,0.0,0.0,1.0
50,5,0.0,0.0,0.0,0.0,0.0,0.0,0.0,0.0,0.0,0.0,1.0
50,6,0.0,0.0,0.0,0.0,0.0,0.0,0.0,0.0,0.0,0.0,1.0
50,7,0.0,0.0,0.0,0.0,0.0,0.0,0.0,0.0,0.0,0.0,1.0
60,0,1.0,1.0,1.0,0.0,0.0,0.0,0.8560606060606062,0.8560606060606061,0.0,0.8420365535248042,0.755856305211617
60,1,0.0,0.0,0.0,0.0,0.0,0.0,0.807449494949495,0.807449494949495,0.0,0.8237597911227155,0.9999970247114498
60,2,0.0,0.0,0.0,0.0,0.0,0.0,0.73989898989899,0.7398989898989898,0.0,0.7610966057441253,0.999997273621438
60,3,0.0,0.0,0.0,0.0,0.0,0.0,0.7266414141414143,0.7266414141414141,0.0,0.7519582245430809,0.9999973224729306
60,4,0.0,0.0,0.0,0.0,0.0,0.0,0.0,0.0,0.0,0.0,1.0
60,5,0.0,0.0,0.0,0.0,0.0,0.0,0.0,0.0,0.0,0.0,1.0
60,6,0.0,0.0,0.0,0.0,0.0,0.0,0.0,0.0,0.0,0.0,1.0
60,7,0.0,0.0,0.0,0.0,0.0,0.0,0.0,0.0,0.0,0.0,1.0
70,0,1.0,1.0,1.0,0.0,0.0,0.0,0.8143939393939394,0.8143939393939394,0.0,0.7447780678851175,0.7558564587448808
70,1,0.0,0.0,0.0,0.0,0.0,0.0,0.7967171717171718,0.7967171717171717,0.0,0.8133159268929504,0.9999970642578964
70,2,0.0,0.0,0.0,0.0,0.0,0.0,0.7361111111111112,0.7361111111111112,0.0,0.7147519582245431,0.9999972875790077
70,3,0.0,0.0,0.0,0.0,0.0,0.0,0.7272727272727273,0.7272727272727273,0.0,0.7532637075718016,0.9999973201466692
70,4,0.0,0.0,0.0,0.0,0.0,0.0,0.0,0.0,0.0,0.0,1.0
70,5,0.0,0.0,0.0,0.0,0.0,0.0,0.0,0.0,0.0,0.0,1.0
70,6,0.0,0.0,0.0,0.0,0.0,0.0,0.0,0.0,0.0,0.0,1.0
70,7,0.0,0.0,0.0,0.0,0.0,0.0,0.0,0.0,0.0,0.0,1.0
80,0,1.0,1.0,1.0,0.0,0.0,0.0,0.7203282828282829,0.7203282828282829,0.0,0.7003916449086162,0.7558568053578549
80,1,0.0,0.0,0.0,0.0,0.0,0.0,0.7866161616161617,0.7866161616161617,0.0,0.8054830287206266,0.9999971014780815
80,2,0.0,0.0,0.0,0.0,0.0,0.0,0.6912878787878789,0.6912878787878787,0.0,0.6879895561357703,0.9999974527435791
80,3,0.0,0.0,0.0,0.0,0.0,0.0,0.7285353535353536,0.7285353535353536,0.0,0.7519582245430809,0.9999973154941459
80,4,0.0,0.0,0.0,0.0,0.0,0.0,0.0,0.0,0.0,0.0,1.0
80,5,0.0,0.0,0.0,0.0,0.0,0.0,0.0,0.0,0.0,0.0,1.0
80,6,0.0,0.0,0.0,0.0,0.0,0.0,0.0,0.0,0.0,0.0,1.0
80,7,0.0,0.0,0.0,0.0,0.0,0.0,0.0,0.0,0.0,0.0,1.0
90,0,1.0,1.0,0.0,0.0,0.0,0.0,0.67739898989899,0.6773989898989898,0.0,0.0,0.7558569635436418
90,1,0.0,0.0,0.0,0.0,0.0,0.0,0.7790404040404041,0.779040404040404,0.0,0.0,0.9999971293932206
90,2,0.0,0.0,0.0,0.0,0.0,0.0,0.6654040404040404,0.6654040404040404,0.0,0.0,0.999997548120303
90,3,0.0,0.0,0.0,0.0,0.0,0.0,0.7272727272727273,0.7272727272727273,0.0,0.0,0.9999973201466692
90,4,0.0,0.0,0.0,0.0,0.0,0.0,0.0,0.0,0.0,0.0,1.0
90,5,0.0,0.0,0.0,0.0,0.0,0.0,0.0,0.0,0.0,0.0,1.0
90,6,0.0,0.0,0.0,0.0,0.0,0.0,0.0,0.0,0.0,0.0,1.0
90,7,0.0,0.0,0.0,0.0,0.0,0.0,0.0,0.0,0.0,0.0,1.0
0,0,0.0,0.0,0.0,0.0,0.0,0.0,0.0,0.0,0.0,0.0,1.0
0,1,0.0,0.0,0.0,0.0,0.0,0.0,0.0,0.0,0.0,0.0,1.0
0,2,0.0,0.0,0.0,0.0,0.0,0.0,0.0,0.0,0.0,0.0,1.0
0,3,0.0,0.0,0.0,1.0,1.0,1.0,0.0,0.0,0.0,0.0,3.466129741003243e-07
0,4,1.0,1.0,1.0,0.0,0.0,0.0,0.9779040404040404,0.9779040404040404,0.0,0.8080939947780679,0.7558558562431335
0,5,0.0,0.0,0.0,0.0,0.0,0.0,0.8800505050505051,0.8800505050505051,0.0,0.9053524804177546,0.999996757191369
0,6,0.0,0.0,0.0,0.0,0.0,0.0,0.6919191919191919,0.6919191919191918,0.0,0.6657963446475196,0.9999974504173172
0,7,0.0,0.0,0.0,0.0,0.0,0.0,0.6066919191919192,0.6066919191919192,0.0,0.6318537859007833,0.9999977644626292
10,0,0.0,0.0,0.0,0.0,0.0,0.0,0.0,0.0,0.0,0.0,1.0
10,1,0.0,0.0,0.0,0.0,0.0,0.0,0.0,0.0,0.0,0.0,1.0
10,2,0.0,0.0,0.0,0.0,0.0,0.0,0.0,0.0,0.0,0.0,1.0
10,3,0.0,0.0,0.0,1.0,1.0,1.0,0.0,0.0,0.0,0.0,3.466129741003243e-07
10,4,1.0,1.0,1.0,0.0,0.0,0.0,0.7815656565656567,0.7815656565656566,0.0,0.7545691906005222,0.7558565797104826
10,5,0.0,0.0,0.0,0.0,0.0,0.0,0.8756313131313133,0.8756313131313131,0.0,0.891644908616188,0.9999967734751998
10,6,0.0,0.0,0.0,0.0,0.0,0.0,0.643939393939394,0.6439393939393939,0.0,0.6351174934725848,0.999997627213197
10,7,0.0,0.0,0.0,0.0,0.0,0.0,0.6111111111111112,0.611111111111111,0.0,0.6338120104438643,0.9999977481787985
20,0,0.0,0.0,0.0,0.0,0.0,0.0,0.0,0.0,0.0,0.0,1.0
20,1,0.0,0.0,0.0,0.0,0.0,0.0,0.0,0.0,0.0,0.0,1.0
20,2,0.0,0.0,0.0,0.0,0.0,0.0,0.0,0.0,0.0,0.0,1.0
20,3,0.0,0.0,0.0,1.0,1.0,1.0,0.0,0.0,0.0,0.0,3.466129741003243e-07
20,4,1.0,1.0,1.0,0.0,0.0,0.0,0.7297979797979799,0.7297979797979798,0.0,0.7056135770234987,0.7558567704639312
20,5,0.0,0.0,0.0,0.0,0.0,0.0,0.8623737373737375,0.8623737373737373,0.0,0.8851174934725848,0.9999968223266933
20,6,0.0,0.0,0.0,0.0,0.0,0.0,0.6142676767676768,0.6142676767676768,0.0,0.6148825065274152,0.999997736547491
20,7,0.0,0.0,0.0,0.0,0.0,0.0,0.6130050505050506,0.6130050505050505,0.0,0.6351174934725848,0.9999977412000138
30,0,0.0,0.0,0.0,0.0,0.0,0.0,0.0,0.0,0.0,0.0,1.0
30,1,0.0,0.0,0.0,0.0,0.0,0.0,0.0,0.0,0.0,0.0,1.0
30,2,0.0,0.0,0.0,0.0,0.0,0.0,0.0,0.0,0.0,0.0,1.0
30,3,0.0,0.0,0.0,1.0,1.0,1.0,0.0,0.0,0.0,0.0,3.466129741003243e-07
30,4,1.0,1.0,1.0,0.0,0.0,0.0,0.682449494949495,0.682449494949495,0.0,0.6703655352480418,0.755856944933549
30,5,0.0,0.0,0.0,0.0,0.0,0.0,0.8560606060606062,0.8560606060606061,0.0,0.8733681462140992,0.9999968455893087
30,6,0.0,0.0,0.0,0.0,0.0,0.0,0.5946969696969697,0.5946969696969697,0.0,0.5998694516971279,0.9999978086615995
30,7,0.0,0.0,0.0,0.0,0.0,0.0,0.6142676767676768,0.6142676767676768,0.0,0.6364229765013055,0.999997736547491
40,0,0.0,0.0,0.0,0.0,0.0,0.0,0.0,0.0,0.0,0.0,1.0
40,1,0.0,0.0,0.0,0.0,0.0,0.0,0.0,0.0,0.0,0.0,1.0
40,2,0.0,0.0,0.0,0.0,0.0,0.0,0.0,0.0,0.0,0.0,1.0
40,3,0.0,0.0,0.0,1.0,1.0,1.0,0.0,0.0,0.0,0.0,3.466129741003243e-07
40,4,1.0,1.0,1.0,0.0,0.0,0.0,0.648358585858586,0.6483585858585859,0.0,0.6370757180156658,0.7558570705516741
40,5,0.0,0.0,0.0,0.0,0.0,0.0,0.8446969696969697,0.8446969696969698,0.0,0.860313315926893,0.9999968874620166
40,6,0.0,0.0,0.0,0.0,0.0,0.0,0.5801767676767677,0.5801767676767677,0.0,0.5887728459530026,0.9999978621656154
40,7,0.0,0.0,0.0,0.0,0.0,0.0,0.6155303030303031,0.6155303030303031,0.0,0.6377284595300261,0.9999977318949673
50,0,0.0,0.0,0.0,0.0,0.0,0.0,0.0,0.0,0.0,0.0,1.0
50,1,0.0,0.0,0.0,0.0,0.0,0.0,0.0,0.0,0.0,0.0,1.0
50,2,0.0,0.0,0.0,0.0,0.0,0.0,0.0,0.0,0.0,0.0,1.0
50,3,0.0,0.0,0.0,1.0,1.0,1.0,0.0,0.0,0.0,0.0,3.466129741003243e-07
50,4,1.0,1.0,1.0,0.0,0.0,0.0,0.6161616161616162,0.6161616161616162,0.0,0.5966057441253264,0.7558571891910142
50,5,0.0,0.0,0.0,0.0,0.0,0.0,0.8320707070707072,0.8320707070707071,0.0,0.8492167101827677,0.9999969339872488
50,6,0.0,0.0,0.0,0.0,0.0,0.0,0.5694444444444445,0.5694444444444445,0.0,0.5672323759791122,0.9999979017120619
50,7,0.0,0.0,0.0,0.0,0.0,0.0,0.6167929292929294,0.6167929292929294,0.0,0.6449086161879896,0.9999977272424441
60,0,0.0,0.0,0.0,0.0,0.0,0.0,0.0,0.0,0.0,0.0,1.0
60,1,0.0,0.0,0.0,0.0,0.0,0.0,0.0,0.0,0.0,0.0,1.0
60,2,0.0,0.0,0.0,0.0,0.0,0.0,0.0,0.0,0.0,0.0,1.0
60,3,0.0,0.0,0.0,1.0,1.0,1.0,0.0,0.0,0.0,0.0,3.466129741003243e-07
60,4,1.0,1.0,1.0,0.0,0.0,0.0,0.5770202020202021,0.5770202020202021,0.0,0.5659268929503917,0.7558573334192316
60,5,0.0,0.0,0.0,0.0,0.0,0.0,0.8213383838383839,0.8213383838383839,0.0,0.839425587467363,0.9999969735336953
60,6,0.0,0.0,0.0,0.0,0.0,0.0,0.5486111111111112,0.548611111111111,0.0,0.5483028720626631,0.9999979784786941
60,7,0.0,0.0,0.0,0.0,0.0,0.0,0.6237373737373738,0.6237373737373739,0.0,0.6462140992167101,0.9999977016535673
70,0,0.0,0.0,0.0,0.0,0.0,0.0,0.0,0.0,0.0,0.0,1.0
70,1,0.0,0.0,0.0,0.0,0.0,0.0,0.0,0.0,0.0,0.0,1.0
70,2,0.0,0.0,0.0,0.0,0.0,0.0,0.0,0.0,0.0,0.0,1.0
70,3,0.0,0.0,0.0,1.0,1.0,1.0,0.0,0.0,0.0,0.0,3.466129741003243e-07
70,4,1.0,1.0,1.0,0.0,0.0,0.0,0.5473484848484849,0.5473484848484849,0.0,0.5319843342036553,0.7558574427535256
70,5,0.0,0.0,0.0,0.0,0.0,0.0,0.811868686868687,0.8118686868686869,0.0,0.8315926892950392,0.9999970084276186
70,6,0.0,0.0,0.0,0.0,0.0,0.0,0.5303030303030304,0.5303030303030303,0.0,0.5345953002610966,0.9999980459402797
70,7,0.0,0.0,0.0,0.0,0.0,0.0,0.625,0.625,0.0,0.6468668407310705,0.999997697001044
80,0,0.0,0.0,0.0,0.0,0.0,0.0,0.0,0.0,0.0,0.0,1.0
80,1,0.0,0.0,0.0,0.0,0.0,0.0,0.0,0.0,0.0,0.0,1.0
80,2,0.0,0.0,0.0,0.0,0.0,0.0,0.0,0.0,0.0,0.0,1.0
80,3,0.0,0.0,0.0,1.0,1.0,1.0,0.0,0.0,0.0,0.0,3.466129741003243e-07
80,4,1.0,1.0,1.0,0.0,0.0,0.0,0.5145202020202021,0.5145202020202021,0.0,0.5058746736292429,0.7558575637191272
80,5,0.0,0.0,0.0,0.0,0.0,0.0,0.8042929292929294,0.8042929292929295,0.0,0.8224543080939948,0.9999970363427577
80,6,0.0,0.0,0.0,0.0,0.0,0.0,0.5170454545454546,0.5170454545454546,0.0,0.5202349869451697,0.9999980947917724
80,7,0.0,0.0,0.0,0.0,0.0,0.0,0.6256313131313131,0.6256313131313133,0.0,0.6501305483028721,0.9999976946747822
90,0,0.0,0.0,0.0,0.0,0.0,0.0,0.0,0.0,0.0,0.0,1.0
90,1,0.0,0.0,0.0,0.0,0.0,0.0,0.0,0.0,0.0,0.0,1.0
90,2,0.0,0.0,0.0,0.0,0.0,0.0,0.0,0.0,0.0,0.0,1.0
90,3,0.0,0.0,0.0,1.0,1.0,0.0,0.0,0.0,0.0,0.0,3.466129741003243e-07
90,4,1.0,1.0,0.0,0.0,0.0,0.0,0.4892676767676768,0.48926767676767674,0.0,0.0,0.75585765676959
90,5,0.0,0.0,0.0,0.0,0.0,0.0,0.7954545454545455,0.7954545454545454,0.0,0.0,0.9999970689104196
90,6,0.0,0.0,0.0,0.0,0.0,0.0,0.5031565656565657,0.5031565656565656,0.0,0.0,0.9999981459695273
90,7,0.0,0.0,0.0,0.0,0.0,0.0,0.6287878787878789,0.6287878787878789,0.0,0.0,0.9999976830434743
0,0,1.0,1.0,1.0,0.0,0.0,0.0,0.8257575757575758,0.8257575757575758,0.0,0.7297650130548303,0.7558564168721724
0,1,0.0,0.0,0.0,0.0,0.0,0.0,0.7443181818181819,0.744318181818182,0.0,0.7761096605744126,0.9999972573376068
0,2,0.0,0.0,0.0,0.0,0.0,0.0,0.8169191919191919,0.8169191919191919,0.0,0.7278067885117494,0.999996989817526
0,3,0.0,0.0,0.0,0.0,0.0,0.0,0.7695707070707072,0.7695707070707071,0.0,0.8022193211488251,0.9999971642871439
0,4,0.0,0.0,0.0,0.0,0.0,0.0,0.0,0.0,0.0,0.0,1.0
0,5,0.0,0.0,0.0,0.0,0.0,0.0,0.0,0.0,0.0,0.0,1.0
0,6,0.0,0.0,0.0,0.0,0.0,0.0,0.0,0.0,0.0,0.0,1.0
0,7,0.0,0.0,0.0,0.0,0.0,0.0,0.0,0.0,0.0,0.0,1.0
10,0,1.0,1.0,1.0,0.0,0.0,0.0,0.7058080808080809,0.7058080808080809,0.0,0.6866840731070496,0.755856858861871
10,1,0.0,0.0,0.0,0.0,0.0,0.0,0.7506313131313131,0.750631313131313,0.0,0.7761096605744126,0.9999972340749914
10,2,0.0,0.0,0.0,0.0,0.0,0.0,0.7039141414141414,0.7039141414141414,0.0,0.6990861618798956,0.9999974062183474
10,3,0.0,0.0,0.0,0.0,0.0,0.0,0.7758838383838385,0.7758838383838383,0.0,0.8022193211488251,0.9999971410245285
10,4,0.0,0.0,0.0,0.0,0.0,0.0,0.0,0.0,0.0,0.0,1.0
10,5,0.0,0.0,0.0,0.0,0.0,0.0,0.0,0.0,0.0,0.0,1.0
10,6,0.0,0.0,0.0,0.0,0.0,0.0,0.0,0.0,0.0,0.0,1.0
10,7,0.0,0.0,0.0,0.0,0.0,0.0,0.0,0.0,0.0,0.0,1.0
20,0,1.0,1.0,1.0,0.0,0.0,0.0,0.6641414141414141,0.6641414141414141,0.0,0.6612271540469974,0.7558570123951345
20,1,0.0,0.0,0.0,0.0,0.0,0.0,0.7506313131313131,0.750631313131313,0.0,0.7761096605744126,0.9999972340749914
20,2,0.0,0.0,0.0,0.0,0.0,0.0,0.6761363636363636,0.6761363636363636,0.0,0.672976501305483,0.9999975085738564
20,3,0.0,0.0,0.0,0.0,0.0,0.0,0.7758838383838385,0.7758838383838383,0.0,0.8022193211488251,0.9999971410245285
20,4,0.0,0.0,0.0,0.0,0.0,0.0,0.0,0.0,0.0,0.0,1.0
20,5,0.0,0.0,0.0,0.0,0.0,0.0,0.0,0.0,0.0,0.0,1.0
20,6,0.0,0.0,0.0,0.0,0.0,0.0,0.0,0.0,0.0,0.0,1.0
20,7,0.0,0.0,0.0,0.0,0.0,0.0,0.0,0.0,0.0,0.0,1.0
30,0,1.0,1.0,1.0,0.0,0.0,0.0,0.6395202020202021,0.6395202020202021,0.0,0.6409921671018277,0.7558571031193362
30,1,0.0,0.0,0.0,0.0,0.0,0.0,0.7506313131313131,0.750631313131313,0.0,0.7761096605744126,0.9999972340749914
30,2,0.0,0.0,0.0,0.0,0.0,0.0,0.6508838383838385,0.6508838383838383,0.0,0.6481723237597912,0.9999976016243193
30,3,0.0,0.0,0.0,0.0,0.0,0.0,0.7758838383838385,0.7758838383838383,0.0,0.8022193211488251,0.9999971410245285
30,4,0.0,0.0,0.0,0.0,0.0,0.0,0.0,0.0,0.0,0.0,1.0
30,5,0.0,0.0,0.0,0.0,0.0,0.0,0.0,0.0,0.0,0.0,1.0
30,6,0.0,0.0,0.0,0.0,0.0,0.0,0.0,0.0,0.0,0.0,1.0
30,7,0.0,0.0,0.0,0.0,0.0,0.0,0.0,0.0,0.0,0.0,1.0
40,0,1.0,1.0,1.0,0.0,0.0,0.0,0.619949494949495,0.619949494949495,0.0,0.618798955613577,0.7558571752334446
40,1,0.0,0.0,0.0,0.0,0.0,0.0,0.7506313131313131,0.750631313131313,0.0,0.7754569190600522,0.9999972340749914
40,2,0.0,0.0,0.0,0.0,0.0,0.0,0.6268939393939394,0.6268939393939394,0.0,0.6253263707571801,0.9999976900222589
40,3,0.0,0.0,0.0,0.0,0.0,0.0,0.7758838383838385,0.7758838383838383,0.0,0.8028720626631853,0.9999971410245285
40,4,0.0,0.0,0.0,0.0,0.0,0.0,0.0,0.0,0.0,0.0,1.0
40,5,0.0,0.0,0.0,0.0,0.0,0.0,0.0,0.0,0.0,0.0,1.0
40,6,0.0,0.0,0.0,0.0,0.0,0.0,0.0,0.0,0.0,0.0,1.0
40,7,0.0,0.0,0.0,0.0,0.0,0.0,0.0,0.0,0.0,0.0,1.0
50,0,1.0,1.0,1.0,0.0,0.0,0.0,0.5984848484848485,0.5984848484848485,0.0,0.5939947780678851,0.7558572543263384
50,1,0.0,0.0,0.0,0.0,0.0,0.0,0.7500000000000001,0.75,0.0,0.7767624020887729,0.9999972364012528
50,2,0.0,0.0,0.0,0.0,0.0,0.0,0.6047979797979799,0.6047979797979798,0.0,0.5998694516971279,0.9999977714414143
50,3,0.0,0.0,0.0,0.0,0.0,0.0,0.7765151515151516,0.7765151515151515,0.0,0.8067885117493473,0.9999971386982667
50,4,0.0,0.0,0.0,0.0,0.0,0.0,0.0,0.0,0.0,0.0,1.0
50,5,0.0,0.0,0.0,0.0,0.0,0.0,0.0,0.0,0.0,0.0,1.0
50,6,0.0,0.0,0.0,0.0,0.0,0.0,0.0,0.0,0.0,0.0,1.0
50,7,0.0,0.0,0.0,0.0,0.0,0.0,0.0,0.0,0.0,0.0,1.0
60,0,1.0,1.0,1.0,0.0,0.0,0.0,0.5744949494949495,0.5744949494949496,0.0,0.5835509138381201,0.7558573427242776
60,1,0.0,0.0,0.0,0.0,0.0,0.0,0.7512626262626263,0.7512626262626263,0.0,0.7767624020887729,0.9999972317487296
60,2,0.0,0.0,0.0,0.0,0.0,0.0,0.5801767676767677,0.5801767676767677,0.0,0.5842036553524804,0.9999978621656154
60,3,0.0,0.0,0.0,0.0,0.0,0.0,0.7803030303030304,0.7803030303030303,0.0,0.8067885117493473,0.9999971247406974
60,4,0.0,0.0,0.0,0.0,0.0,0.0,0.0,0.0,0.0,0.0,1.0
60,5,0.0,0.0,0.0,0.0,0.0,0.0,0.0,0.0,0.0,0.0,1.0
60,6,0.0,0.0,0.0,0.0,0.0,0.0,0.0,0.0,0.0,0.0,1.0
60,7,0.0,0.0,0.0,0.0,0.0,0.0,0.0,0.0,0.0,0.0,1.0
70,0,1.0,1.0,1.0,0.0,0.0,0.0,0.5643939393939394,0.5643939393939396,0.0,0.5704960835509139,0.7558573799444628
70,1,0.0,0.0,0.0,0.0,0.0,0.0,0.7512626262626263,0.7512626262626263,0.0,0.7767624020887729,0.9999972317487296
70,2,0.0,0.0,0.0,0.0,0.0,0.0,0.5650252525252526,0.5650252525252525,0.0,0.5659268929503917,0.9999979179958935
70,3,0.0,0.0,0.0,0.0,0.0,0.0,0.7803030303030304,0.7803030303030303,0.0,0.8067885117493473,0.9999971247406974
70,4,0.0,0.0,0.0,0.0,0.0,0.0,0.0,0.0,0.0,0.0,1.0
70,5,0.0,0.0,0.0,0.0,0.0,0.0,0.0,0.0,0.0,0.0,1.0
70,6,0.0,0.0,0.0,0.0,0.0,0.0,0.0,0.0,0.0,0.0,1.0
70,7,0.0,0.0,0.0,0.0,0.0,0.0,0.0,0.0,0.0,0.0,1.0
80,0,1.0,1.0,1.0,0.0,0.0,0.0,0.5517676767676768,0.5517676767676767,0.0,0.5554830287206266,0.7558574264696947
80,1,0.0,0.0,0.0,0.0,0.0,0.0,0.7512626262626263,0.7512626262626263,0.0,0.7767624020887729,0.9999972317487296
80,2,0.0,0.0,0.0,0.0,0.0,0.0,0.5473484848484849,0.5473484848484849,0.0,0.5528720626631853,0.9999979831312169
80,3,0.0,0.0,0.0,0.0,0.0,0.0,0.7803030303030304,0.7803030303030303,0.0,0.806135770234987,0.9999971247406974
80,4,0.0,0.0,0.0,0.0,0.0,0.0,0.0,0.0,0.0,0.0,1.0
80,5,0.0,0.0,0.0,0.0,0.0,0.0,0.0,0.0,0.0,0.0,1.0
80,6,0.0,0.0,0.0,0.0,0.0,0.0,0.0,0.0,0.0,0.0,1.0
80,7,0.0,0.0,0.0,0.0,0.0,0.0,0.0,0.0,0.0,0.0,1.0
90,0,1.0,1.0,0.0,0.0,0.0,0.0,0.5372474747474748,0.5372474747474748,0.0,0.0,0.7558574799737108
90,1,0.0,0.0,0.0,0.0,0.0,0.0,0.7512626262626263,0.7512626262626263,0.0,0.0,0.9999972317487296
90,2,0.0,0.0,0.0,0.0,0.0,0.0,0.5347222222222223,0.5347222222222223,0.0,0.0,0.999998029656449
90,3,0.0,0.0,0.0,0.0,0.0,0.0,0.7796717171717172,0.7796717171717171,0.0,0.0,0.9999971270669588
90,4,0.0,0.0,0.0,0.0,0.0,0.0,0.0,0.0,0.0,0.0,1.0
90,5,0.0,0.0,0.0,0.0,0.0,0.0,0.0,0.0,0.0,0.0,1.0
90,6,0.0,0.0,0.0,0.0,0.0,0.0,0.0,0.0,0.0,0.0,1.0
90,7,0.0,0.0,0.0,0.0,0.0,0.0,0.0,0.0,0.0,0.0,1.0
0,0,0.0,0.0,0.0,0.0,0.0,0.0,0.010732323232323234,0.010732323232323236,0.0,0.016971279373368148,0.999999960453553
0,1,0.0,0.0,0.0,0.0,0.0,0.0,0.013257575757575758,0.013257575757575761,0.0,0.018929503916449087,0.9999999511485065
0,2,0.0,0.0,0.0,0.0,0.0,0.0,0.0025252525252525255,0.0025252525252525255,0.0,0.00783289817232376,0.9999999906949535
0,3,0.0,0.0,0.0,1.0,1.0,1.0,0.0012626262626262627,0.0012626262626262627,0.0,0.0045691906005221935,3.4196045106682504e-07
0,4,1.0,1.0,1.0,0.0,0.0,0.0,0.9248737373737375,0.9248737373737373,0.0,0.9295039164490861,0.7558560516491055
0,5,0.0,0.0,0.0,0.0,0.0,0.0,0.9311868686868687,0.9311868686868687,0.0,0.9373368146214099,0.9999965687641819
0,6,0.0,0.0,0.0,0.0,0.0,0.0,0.662878787878788,0.662878787878788,0.0,0.6814621409921671,0.9999975574253503
0,7,0.0,0.0,0.0,0.0,0.0,0.0,0.6098484848484849,0.6098484848484849,0.0,0.6292428198433421,0.9999977528313218
10,0,0.0,0.0,0.0,0.0,0.0,0.0,0.016414141414141416,0.016414141414141416,0.0,0.024804177545691905,0.9999999395171995
10,1,0.0,0.0,0.0,0.0,0.0,0.0,0.018308080808080808,0.018308080808080808,0.0,0.02154046997389034,0.9999999325384139
10,2,0.0,0.0,0.0,0.0,0.0,0.0,0.007575757575757576,0.007575757575757576,0.0,0.012402088772845953,0.9999999720848609
10,3,0.0,0.0,0.0,1.0,1.0,1.0,0.00441919191919192,0.00441919191919192,0.0,0.006527415143603133,3.3032914315000994e-07
10,4,1.0,1.0,1.0,0.0,0.0,0.0,0.8989898989898991,0.898989898989899,0.0,0.9053524804177546,0.75585614702583
10,5,0.0,0.0,0.0,0.0,0.0,0.0,0.9065656565656567,0.9065656565656566,0.0,0.9197127937336814,0.9999966594883829
10,6,0.0,0.0,0.0,0.0,0.0,0.0,0.6590909090909092,0.6590909090909092,0.0,0.6808093994778068,0.9999975713829188
10,7,0.0,0.0,0.0,0.0,0.0,0.0,0.6085858585858587,0.6085858585858586,0.0,0.6292428198433421,0.9999977574838446
20,0,0.0,0.0,0.0,0.0,0.0,0.0,0.02398989898989899,0.023989898989899,0.0,0.02741514360313316,0.9999999116020599
20,1,0.0,0.0,0.0,0.0,0.0,0.0,0.020833333333333336,0.020833333333333336,0.0,0.02741514360313316,0.9999999232333678
20,2,0.0,0.0,0.0,0.0,0.0,0.0,0.011994949494949496,0.0119949494949495,0.0,0.015013054830287207,0.9999999558010297
20,3,0.0,0.0,0.0,1.0,1.0,1.0,0.006313131313131314,0.006313131313131314,0.0,0.0097911227154047,3.233503584887387e-07
20,4,1.0,1.0,1.0,0.0,0.0,0.0,0.8756313131313133,0.8756313131313131,0.0,0.8922976501305483,0.7558562330975085
20,5,0.0,0.0,0.0,0.0,0.0,0.0,0.8895202020202021,0.8895202020202021,0.0,0.9001305483028721,0.9999967222974453
20,6,0.0,0.0,0.0,0.0,0.0,0.0,0.658459595959596,0.658459595959596,0.0,0.6795039164490861,0.9999975737091806
20,7,0.0,0.0,0.0,0.0,0.0,0.0,0.6085858585858587,0.6085858585858586,0.0,0.6292428198433421,0.9999977574838446
30,0,0.0,0.0,0.0,0.0,0.0,0.0,0.026515151515151516,0.026515151515151523,0.0,0.030678851174934726,0.9999999022970139
30,1,0.0,0.0,0.0,0.0,0.0,0.0,0.026515151515151516,0.026515151515151523,0.0,0.03655352480417755,0.9999999022970139
30,2,0.0,0.0,0.0,0.0,0.0,0.0,0.014520202020202022,0.014520202020202025,0.0,0.01762402088772846,0.9999999464959837
30,3,0.0,0.0,0.0,1.0,1.0,1.0,0.00946969696969697,0.00946969696969697,0.0,0.012402088772845953,3.117190505719236e-07
30,4,1.0,1.0,1.0,0.0,0.0,0.0,0.8630050505050506,0.8630050505050505,0.0,0.8740208877284595,0.7558562796227397
30,5,0.0,0.0,0.0,0.0,0.0,0.0,0.8705808080808082,0.8705808080808082,0.0,0.8798955613577024,0.9999967920852928
30,6,0.0,0.0,0.0,0.0,0.0,0.0,0.6571969696969697,0.6571969696969697,0.0,0.6795039164490861,0.9999975783617034
30,7,0.0,0.0,0.0,0.0,0.0,0.0,0.6085858585858587,0.6085858585858586,0.0,0.6292428198433421,0.9999977574838446
40,0,0.0,0.0,0.0,0.0,0.0,0.0,0.029671717171717175,0.029671717171717182,0.0,0.03328981723237598,0.9999998906657055
40,1,0.0,0.0,0.0,0.0,0.0,0.0,0.03535353535353536,0.03535353535353535,0.0,0.0391644908616188,0.999999869729352
40,2,0.0,0.0,0.0,0.0,0.0,0.0,0.017045454545454548,0.017045454545454544,0.0,0.0195822454308094,0.9999999371909376
40,3,0.0,0.0,0.0,1.0,1.0,1.0,0.011994949494949496,0.0119949494949495,0.0,0.016971279373368148,3.0241400428288046e-07
40,4,1.0,1.0,1.0,0.0,0.0,0.0,0.8453282828282829,0.8453282828282829,0.0,0.8655352480417755,0.7558563447580635
40,5,0.0,0.0,0.0,0.0,0.0,0.0,0.8510101010101011,0.8510101010101011,0.0,0.8674934725848564,0.9999968641994013
40,6,0.0,0.0,0.0,0.0,0.0,0.0,0.6571969696969697,0.6571969696969697,0.0,0.6775456919060052,0.9999975783617034
40,7,0.0,0.0,0.0,0.0,0.0,0.0,0.6085858585858587,0.6085858585858586,0.0,0.6272845953002611,0.9999977574838446
50,0,0.0,0.0,0.0,0.0,0.0,0.0,0.0321969696969697,0.0321969696969697,0.0,0.034595300261096605,0.9999998813606594
50,1,0.0,0.0,0.0,0.0,0.0,0.0,0.03787878787878788,0.03787878787878788,0.0,0.038511749347258484,0.9999998604243054
50,2,0.0,0.0,0.0,0.0,0.0,0.0,0.01893939393939394,0.01893939393939394,0.0,0.020234986945169713,0.9999999302121525
50,3,0.0,0.0,0.0,1.0,1.0,1.0,0.016414141414141416,0.016414141414141416,0.0,0.01762402088772846,2.8613017333256607e-07
50,4,1.0,1.0,1.0,0.0,0.0,0.0,0.8371212121212122,0.8371212121212122,0.0,0.8492167101827677,0.7558563749994645
50,5,0.0,0.0,0.0,0.0,0.0,0.0,0.8390151515151516,0.8390151515151515,0.0,0.8642297650130548,0.9999969083983711
50,6,0.0,0.0,0.0,0.0,0.0,0.0,0.6553030303030304,0.6553030303030303,0.0,0.6736292428198434,0.9999975853404881
50,7,0.0,0.0,0.0,0.0,0.0,0.0,0.6066919191919192,0.6066919191919192,0.0,0.6285900783289817,0.9999977644626292
60,0,0.0,0.0,0.0,0.0,0.0,0.0,0.03345959595959596,0.03345959595959597,0.0,0.03263707571801567,0.9999998767081366
60,1,0.0,0.0,0.0,0.0,0.0,0.0,0.03724747474747475,0.03724747474747475,0.0,0.038511749347258484,0.9999998627505673
60,2,0.0,0.0,0.0,0.0,0.0,0.0,0.019570707070707072,0.019570707070707072,0.0,0.02154046997389034,0.9999999278858906
60,3,0.0,0.0,0.0,1.0,1.0,1.0,0.017045454545454548,0.017045454545454544,0.0,0.01762402088772846,2.8380391192683874e-07
60,4,1.0,1.0,1.0,0.0,0.0,0.0,0.8213383838383839,0.8213383838383839,0.0,0.825065274151436,0.7558564331560034
60,5,0.0,0.0,0.0,0.0,0.0,0.0,0.835858585858586,0.8358585858585859,0.0,0.8609660574412533,0.999996920029679
60,6,0.0,0.0,0.0,0.0,0.0,0.0,0.6515151515151516,0.6515151515151515,0.0,0.6677545691906005,0.9999975992980579
60,7,0.0,0.0,0.0,0.0,0.0,0.0,0.6079545454545455,0.6079545454545454,0.0,0.6259791122715405,0.9999977598101064
70,0,0.0,0.0,0.0,0.0,0.0,0.0,0.03156565656565657,0.03156565656565657,0.0,0.03590078328981723,0.9999998836869213
70,1,0.0,0.0,0.0,0.0,0.0,0.0,0.03724747474747475,0.03724747474747475,0.0,0.038511749347258484,0.9999998627505673
70,2,0.0,0.0,0.0,0.0,0.0,0.0,0.020833333333333336,0.020833333333333336,0.0,0.022193211488250653,0.9999999232333678
70,3,0.0,0.0,0.0,1.0,1.0,1.0,0.017045454545454548,0.017045454545454544,0.0,0.016971279373368148,2.8380391192683874e-07
70,4,1.0,1.0,1.0,0.0,0.0,0.0,0.797979797979798,0.797979797979798,0.0,0.8015665796344648,0.7558565192276816
70,5,0.0,0.0,0.0,0.0,0.0,0.0,0.8327020202020202,0.8327020202020202,0.0,0.8563968668407311,0.9999969316609869
70,6,0.0,0.0,0.0,0.0,0.0,0.0,0.6458333333333334,0.6458333333333334,0.0,0.660574412532637,0.9999976202344119
70,7,0.0,0.0,0.0,0.0,0.0,0.0,0.6054292929292929,0.6054292929292929,0.0,0.6292428198433421,0.9999977691151525
80,0,0.0,0.0,0.0,0.0,0.0,0.0,0.034722222222222224,0.034722222222222224,0.0,0.033942558746736295,0.9999998720556134
80,1,0.0,0.0,0.0,0.0,0.0,0.0,0.03724747474747475,0.03724747474747475,0.0,0.0391644908616188,0.9999998627505673
80,2,0.0,0.0,0.0,0.0,0.0,0.0,0.021464646464646468,0.021464646464646468,0.0,0.024804177545691905,0.999999920907106
80,3,0.0,0.0,0.0,1.0,1.0,1.0,0.016414141414141416,0.016414141414141416,0.0,0.01762402088772846,2.8613017333256607e-07
80,4,1.0,1.0,1.0,0.0,0.0,0.0,0.7752525252525253,0.7752525252525253,0.0,0.7813315926892951,0.7558566029730982
80,5,0.0,0.0,0.0,0.0,0.0,0.0,0.8282828282828284,0.8282828282828284,0.0,0.8563968668407311,0.9999969479448176
80,6,0.0,0.0,0.0,0.0,0.0,0.0,0.638888888888889,0.638888888888889,0.0,0.6533942558746736,0.9999976458232891
80,7,0.0,0.0,0.0,0.0,0.0,0.0,0.6085858585858587,0.6085858585858586,0.0,0.631201044386423,0.9999977574838446
90,0,0.0,0.0,0.0,0.0,0.0,0.0,0.03282828282828283,0.03282828282828283,0.0,0.0,0.9999998790343985
90,1,0.0,0.0,0.0,0.0,0.0,0.0,0.03787878787878788,0.03787878787878788,0.0,0.0,0.9999998604243054
90,2,0.0,0.0,0.0,0.0,0.0,0.0,0.02398989898989899,0.023989898989899,0.0,0.0,0.9999999116020599
90,3,0.0,0.0,0.0,1.0,1.0,0.0,0.017045454545454548,0.017045454545454544,0.0,0.0,2.8380391192683874e-07
90,4,1.0,1.0,0.0,0.0,0.0,0.0,0.7556818181818182,0.7556818181818182,0.0,0.0,0.7558566750872067
90,5,0.0,0.0,0.0,0.0,0.0,0.0,0.8282828282828284,0.8282828282828284,0.0,0.0,0.9999969479448176
90,6,0.0,0.0,0.0,0.0,0.0,0.0,0.6319444444444445,0.6319444444444444,0.0,0.0,0.9999976714121668
90,7,0.0,0.0,0.0,0.0,0.0,0.0,0.610479797979798,0.610479797979798,0.0,0.0,0.9999977505050599
0,0,0.0,0.0,0.0,0.0,0.0,0.0,0.0,0.0,0.0,0.0,1.0
0,1,0.0,0.0,0.0,0.0,0.0,0.0,0.0,0.0,0.0,0.0,1.0
0,2,0.0,0.0,0.0,0.0,0.0,0.0,0.0,0.0,0.0,0.0,1.0
0,3,0.0,0.0,0.0,1.0,1.0,1.0,0.0,0.0,0.0,0.0,3.466129741003243e-07
0,4,1.0,1.0,1.0,0.0,0.0,0.0,0.898358585858586,0.8983585858585859,0.0,0.9099216710182768,0.7558561493520914
0,5,0.0,0.0,0.0,0.0,0.0,0.0,0.9356060606060607,0.9356060606060607,0.0,0.943864229765013,0.9999965524803507
0,6,0.0,0.0,0.0,0.0,0.0,0.0,0.6452020202020202,0.6452020202020202,0.0,0.6684073107049608,0.9999976225606737
0,7,0.0,0.0,0.0,0.0,0.0,0.0,0.67739898989899,0.6773989898989898,0.0,0.706266318537859,0.9999975039213331
10,0,0.0,0.0,0.0,0.0,0.0,0.0,0.0,0.0,0.0,0.0,1.0
10,1,0.0,0.0,0.0,0.0,0.0,0.0,0.0,0.0,0.0,0.0,1.0
10,2,0.0,0.0,0.0,0.0,0.0,0.0,0.0,0.0,0.0,0.0,1.0
10,3,0.0,0.0,0.0,1.0,1.0,1.0,0.0,0.0,0.0,0.0,3.466129741003243e-07
10,4,1.0,1.0,1.0,0.0,0.0,0.0,0.8800505050505051,0.8800505050505051,0.0,0.8981723237597912,0.7558562168136771
10,5,0.0,0.0,0.0,0.0,0.0,0.0,0.912878787878788,0.912878787878788,0.0,0.9327676240208878,0.9999966362257675
10,6,0.0,0.0,0.0,0.0,0.0,0.0,0.6464646464646465,0.6464646464646465,0.0,0.6697127937336814,0.9999976179081504
10,7,0.0,0.0,0.0,0.0,0.0,0.0,0.6830808080808082,0.6830808080808083,0.0,0.7075718015665796,0.9999974829849796
20,0,0.0,0.0,0.0,0.0,0.0,0.0,0.0,0.0,0.0,0.0,1.0
20,1,0.0,0.0,0.0,0.0,0.0,0.0,0.0,0.0,0.0,0.0,1.0
20,2,0.0,0.0,0.0,0.0,0.0,0.0,0.0,0.0,0.0,0.0,1.0
20,3,0.0,0.0,0.0,1.0,1.0,1.0,0.0,0.0,0.0,0.0,3.466129741003243e-07
20,4,1.0,1.0,1.0,0.0,0.0,0.0,0.8686868686868687,0.8686868686868687,0.0,0.8870757180156658,0.7558562586863855
20,5,0.0,0.0,0.0,0.0,0.0,0.0,0.9021464646464648,0.9021464646464646,0.0,0.9190600522193212,0.9999966757722141
20,6,0.0,0.0,0.0,0.0,0.0,0.0,0.6477272727272728,0.6477272727272727,0.0,0.6723237597911227,0.9999976132556272
20,7,0.0,0.0,0.0,0.0,0.0,0.0,0.6843434343434344,0.6843434343434344,0.0,0.7127937336814621,0.9999974783324563
30,0,0.0,0.0,0.0,0.0,0.0,0.0,0.0,0.0,0.0,0.0,1.0
30,1,0.0,0.0,0.0,0.0,0.0,0.0,0.0,0.0,0.0,0.0,1.0
30,2,0.0,0.0,0.0,0.0,0.0,0.0,0.0,0.0,0.0,0.0,1.0
30,3,0.0,0.0,0.0,1.0,1.0,1.0,0.0,0.0,0.0,0.0,3.466129741003243e-07
30,4,1.0,1.0,1.0,0.0,0.0,0.0,0.8579545454545455,0.8579545454545455,0.0,0.8785900783289817,0.7558562982328321
30,5,0.0,0.0,0.0,0.0,0.0,0.0,0.888888888888889,0.888888888888889,0.0,0.9066579634464752,0.9999967246237071
30,6,0.0,0.0,0.0,0.0,0.0,0.0,0.6502525252525253,0.6502525252525253,0.0,0.6736292428198434,0.9999976039505811
30,7,0.0,0.0,0.0,0.0,0.0,0.0,0.6893939393939394,0.6893939393939394,0.0,0.7147519582245431,0.9999974597223638
40,0,0.0,0.0,0.0,0.0,0.0,0.0,0.0,0.0,0.0,0.0,1.0
40,1,0.0,0.0,0.0,0.0,0.0,0.0,0.0,0.0,0.0,0.0,1.0
40,2,0.0,0.0,0.0,0.0,0.0,0.0,0.0,0.0,0.0,0.0,1.0
40,3,0.0,0.0,0.0,1.0,1.0,1.0,0.0,0.0,0.0,0.0,3.466129741003243e-07
40,4,1.0,1.0,1.0,0.0,0.0,0.0,0.8497474747474748,0.8497474747474748,0.0,0.8694516971279374,0.755856328474233
40,5,0.0,0.0,0.0,0.0,0.0,0.0,0.8768939393939394,0.8768939393939394,0.0,0.8955613577023499,0.999996768822677
40,6,0.0,0.0,0.0,0.0,0.0,0.0,0.6515151515151516,0.6515151515151515,0.0,0.6768929503916449,0.9999975992980579
40,7,0.0,0.0,0.0,0.0,0.0,0.0,0.6912878787878789,0.6912878787878787,0.0,0.7160574412532638,0.9999974527435791
50,0,0.0,0.0,0.0,0.0,0.0,0.0,0.0,0.0,0.0,0.0,1.0
50,1,0.0,0.0,0.0,0.0,0.0,0.0,0.0,0.0,0.0,0.0,1.0
50,2,0.0,0.0,0.0,0.0,0.0,0.0,0.0,0.0,0.0,0.0,1.0
50,3,0.0,0.0,0.0,1.0,1.0,1.0,0.0,0.0,0.0,0.0,3.466129741003243e-07
50,4,1.0,1.0,1.0,0.0,0.0,0.0,0.8409090909090909,0.8409090909090909,0.0,0.8563968668407311,0.7558563610418949
50,5,0.0,0.0,0.0,0.0,0.0,0.0,0.8661616161616162,0.8661616161616162,0.0,0.8857702349869452,0.9999968083691235
50,6,0.0,0.0,0.0,0.0,0.0,0.0,0.6546717171717172,0.6546717171717171,0.0,0.6795039164490861,0.99999758766675
50,7,0.0,0.0,0.0,0.0,0.0,0.0,0.6925505050505051,0.692550505050505,0.0,0.7180156657963447,0.9999974480910558
60,0,0.0,0.0,0.0,0.0,0.0,0.0,0.0,0.0,0.0,0.0,1.0
60,1,0.0,0.0,0.0,0.0,0.0,0.0,0.0,0.0,0.0,0.0,1.0
60,2,0.0,0.0,0.0,0.0,0.0,0.0,0.0,0.0,0.0,0.0,1.0
60,3,0.0,0.0,0.0,1.0,1.0,1.0,0.0,0.0,0.0,0.0,3.466129741003243e-07
60,4,1.0,1.0,1.0,0.0,0.0,0.0,0.8282828282828284,0.8282828282828284,0.0,0.8446475195822455,0.7558564075671261
60,5,0.0,0.0,0.0,0.0,0.0,0.0,0.8566919191919192,0.8566919191919192,0.0,0.8766318537859008,0.9999968432630468
60,6,0.0,0.0,0.0,0.0,0.0,0.0,0.6571969696969697,0.6571969696969697,0.0,0.6814621409921671,0.9999975783617034
60,7,0.0,0.0,0.0,0.0,0.0,0.0,0.6944444444444445,0.6944444444444444,0.0,0.7186684073107049,0.9999974411122712
70,0,0.0,0.0,0.0,0.0,0.0,0.0,0.0,0.0,0.0,0.0,1.0
70,1,0.0,0.0,0.0,0.0,0.0,0.0,0.0,0.0,0.0,0.0,1.0
70,2,0.0,0.0,0.0,0.0,0.0,0.0,0.0,0.0,0.0,0.0,1.0
70,3,0.0,0.0,0.0,1.0,1.0,1.0,0.0,0.0,0.0,0.0,3.466129741003243e-07
70,4,1.0,1.0,1.0,0.0,0.0,0.0,0.8169191919191919,0.8169191919191919,0.0,0.835509138381201,0.7558564494398343
70,5,0.0,0.0,0.0,0.0,0.0,0.0,0.8478535353535355,0.8478535353535355,0.0,0.8674934725848564,0.9999968758307092
70,6,0.0,0.0,0.0,0.0,0.0,0.0,0.6590909090909092,0.6590909090909092,0.0,0.6847258485639687,0.9999975713829188
70,7,0.0,0.0,0.0,0.0,0.0,0.0,0.6950757575757577,0.6950757575757576,0.0,0.720626631853786,0.9999974387860093
80,0,0.0,0.0,0.0,0.0,0.0,0.0,0.0,0.0,0.0,0.0,1.0
80,1,0.0,0.0,0.0,0.0,0.0,0.0,0.0,0.0,0.0,0.0,1.0
80,2,0.0,0.0,0.0,0.0,0.0,0.0,0.0,0.0,0.0,0.0,1.0
80,3,0.0,0.0,0.0,1.0,1.0,1.0,0.0,0.0,0.0,0.0,3.466129741003243e-07
80,4,1.0,1.0,1.0,0.0,0.0,0.0,0.8080808080808082,0.8080808080808082,0.0,0.7878590078328982,0.7558564820074964
80,5,0.0,0.0,0.0,0.0,0.0,0.0,0.8390151515151516,0.8390151515151515,0.0,0.8544386422976501,0.9999969083983711
80,6,0.0,0.0,0.0,0.0,0.0,0.0,0.6622474747474748,0.6622474747474748,0.0,0.6866840731070496,0.9999975597516113
80,7,0.0,0.0,0.0,0.0,0.0,0.0,0.696969696969697,0.6969696969696969,0.0,0.7232375979112272,0.9999974318072247
90,0,0.0,0.0,0.0,0.0,0.0,0.0,0.0,0.0,0.0,0.0,1.0
90,1,0.0,0.0,0.0,0.0,0.0,0.0,0.0,0.0,0.0,0.0,1.0
90,2,0.0,0.0,0.0,0.0,0.0,0.0,0.0,0.0,0.0,0.0,1.0
90,3,0.0,0.0,0.0,1.0,1.0,0.0,0.0,0.0,0.0,0.0,3.466129741003243e-07
90,4,1.0,1.0,0.0,0.0,0.0,0.0,0.7619949494949496,0.7619949494949496,0.0,0.0,0.755856651824591
90,5,0.0,0.0,0.0,0.0,0.0,0.0,0.826388888888889,0.826388888888889,0.0,0.0,0.9999969549236023
90,6,0.0,0.0,0.0,0.0,0.0,0.0,0.6641414141414141,0.6641414141414141,0.0,0.0,0.9999975527728266
90,7,0.0,0.0,0.0,0.0,0.0,0.0,0.6994949494949495,0.6994949494949496,0.0,0.0,0.9999974225021786
0,0,1.0,1.0,1.0,0.0,0.0,0.0,0.9760101010101011,0.976010101010101,0.0,0.7872062663185379,0.7558558632219183
0,1,0.0,0.0,0.0,0.0,0.0,0.0,0.9065656565656567,0.9065656565656566,0.0,0.9321148825065274,0.9999966594883829
0,2,0.0,0.0,0.0,0.0,0.0,0.0,0.6900252525252526,0.6900252525252526,0.0,0.6664490861618799,0.9999974573961019
0,3,0.0,0.0,0.0,0.0,0.0,0.0,0.5839646464646465,0.5839646464646465,0.0,0.610313315926893,0.999997848208046
0,4,0.0,0.0,0.0,0.0,0.0,0.0,0.0,0.0,0.0,0.0,1.0
0,5,0.0,0.0,0.0,0.0,0.0,0.0,0.0,0.0,0.0,0.0,1.0
0,6,0.0,0.0,0.0,0.0,0.0,0.0,0.0,0.0,0.0,0.0,1.0
0,7,0.0,0.0,0.0,0.0,0.0,0.0,0.0,0.0,0.0,0.0,1.0
10,0,1.0,1.0,1.0,0.0,0.0,0.0,0.7613636363636365,0.7613636363636365,0.0,0.7238903394255874,0.7558566541508533
10,1,0.0,0.0,0.0,0.0,0.0,0.0,0.9015151515151516,0.9015151515151515,0.0,0.9177545691906005,0.9999966780984755
10,2,0.0,0.0,0.0,0.0,0.0,0.0,0.6445707070707071,0.6445707070707071,0.0,0.6422976501305483,0.9999976248869356
10,3,0.0,0.0,0.0,0.0,0.0,0.0,0.5902777777777778,0.5902777777777778,0.0,0.6129242819843342,0.9999978249454302
10,4,0.0,0.0,0.0,0.0,0.0,0.0,0.0,0.0,0.0,0.0,1.0
10,5,0.0,0.0,0.0,0.0,0.0,0.0,0.0,0.0,0.0,0.0,1.0
10,6,0.0,0.0,0.0,0.0,0.0,0.0,0.0,0.0,0.0,0.0,1.0
10,7,0.0,0.0,0.0,0.0,0.0,0.0,0.0,0.0,0.0,0.0,1.0
20,0,1.0,1.0,1.0,0.0,0.0,0.0,0.7001262626262627,0.7001262626262627,0.0,0.6768929503916449,0.7558568797982252
20,1,0.0,0.0,0.0,0.0,0.0,0.0,0.8876262626262627,0.8876262626262627,0.0,0.9053524804177546,0.99999672927623
20,2,0.0,0.0,0.0,0.0,0.0,0.0,0.6212121212121212,0.6212121212121213,0.0,0.6194516971279374,0.9999977109586133
20,3,0.0,0.0,0.0,0.0,0.0,0.0,0.5928030303030304,0.5928030303030303,0.0,0.6148825065274152,0.9999978156403841
20,4,0.0,0.0,0.0,0.0,0.0,0.0,0.0,0.0,0.0,0.0,1.0
20,5,0.0,0.0,0.0,0.0,0.0,0.0,0.0,0.0,0.0,0.0,1.0
20,6,0.0,0.0,0.0,0.0,0.0,0.0,0.0,0.0,0.0,0.0,1.0
20,7,0.0,0.0,0.0,0.0,0.0,0.0,0.0,0.0,0.0,0.0,1.0
30,0,1.0,1.0,1.0,0.0,0.0,0.0,0.6546717171717172,0.6546717171717171,0.0,0.6357702349869452,0.7558570472890582
30,1,0.0,0.0,0.0,0.0,0.0,0.0,0.8756313131313133,0.8756313131313131,0.0,0.8942558746736292,0.9999967734751998
30,2,0.0,0.0,0.0,0.0,0.0,0.0,0.5991161616161617,0.5991161616161617,0.0,0.5953002610966057,0.9999977923777683
30,3,0.0,0.0,0.0,0.0,0.0,0.0,0.5946969696969697,0.5946969696969697,0.0,0.6181462140992168,0.9999978086615995
30,4,0.0,0.0,0.0,0.0,0.0,0.0,0.0,0.0,0.0,0.0,1.0
30,5,0.0,0.0,0.0,0.0,0.0,0.0,0.0,0.0,0.0,0.0,1.0
30,6,0.0,0.0,0.0,0.0,0.0,0.0,0.0,0.0,0.0,0.0,1.0
30,7,0.0,0.0,0.0,0.0,0.0,0.0,0.0,0.0,0.0,0.0,1.0
40,0,1.0,1.0,1.0,0.0,0.0,0.0,0.61489898989899,0.6148989898989898,0.0,0.6031331592689295,0.755857193843537
40,1,0.0,0.0,0.0,0.0,0.0,0.0,0.86489898989899,0.8648989898989898,0.0,0.8838120104438643,0.9999968130216468
40,2,0.0,0.0,0.0,0.0,0.0,0.0,0.5757575757575758,0.5757575757575758,0.0,0.5691906005221932,0.9999978784494461
40,3,0.0,0.0,0.0,0.0,0.0,0.0,0.5978535353535354,0.5978535353535354,0.0,0.6220626631853786,0.9999977970302916
40,4,0.0,0.0,0.0,0.0,0.0,0.0,0.0,0.0,0.0,0.0,1.0
40,5,0.0,0.0,0.0,0.0,0.0,0.0,0.0,0.0,0.0,0.0,1.0
40,6,0.0,0.0,0.0,0.0,0.0,0.0,0.0,0.0,0.0,0.0,1.0
40,7,0.0,0.0,0.0,0.0,0.0,0.0,0.0,0.0,0.0,0.0,1.0
50,0,1.0,1.0,1.0,0.0,0.0,0.0,0.5833333333333334,0.5833333333333334,0.0,0.5685378590078329,0.755857310156616
50,1,0.0,0.0,0.0,0.0,0.0,0.0,0.8547979797979799,0.8547979797979798,0.0,0.8766318537859008,0.9999968502418315
50,2,0.0,0.0,0.0,0.0,0.0,0.0,0.5505050505050505,0.5505050505050505,0.0,0.5443864229765013,0.9999979714999094
50,3,0.0,0.0,0.0,0.0,0.0,0.0,0.6016414141414141,0.6016414141414141,0.0,0.6298955613577023,0.9999977830727222
50,4,0.0,0.0,0.0,0.0,0.0,0.0,0.0,0.0,0.0,0.0,1.0
50,5,0.0,0.0,0.0,0.0,0.0,0.0,0.0,0.0,0.0,0.0,1.0
50,6,0.0,0.0,0.0,0.0,0.0,0.0,0.0,0.0,0.0,0.0,1.0
50,7,0.0,0.0,0.0,0.0,0.0,0.0,0.0,0.0,0.0,0.0,1.0
60,0,1.0,1.0,1.0,0.0,0.0,0.0,0.5498737373737375,0.5498737373737373,0.0,0.54177545691906,0.7558574334484793
60,1,0.0,0.0,0.0,0.0,0.0,0.0,0.8478535353535355,0.8478535353535355,0.0,0.8694516971279374,0.9999968758307092
60,2,0.0,0.0,0.0,0.0,0.0,0.0,0.5265151515151516,0.5265151515151515,0.0,0.5326370757180157,0.9999980598978491
60,3,0.0,0.0,0.0,0.0,0.0,0.0,0.6092171717171718,0.6092171717171717,0.0,0.6298955613577023,0.9999977551575832
60,4,0.0,0.0,0.0,0.0,0.0,0.0,0.0,0.0,0.0,0.0,1.0
60,5,0.0,0.0,0.0,0.0,0.0,0.0,0.0,0.0,0.0,0.0,1.0
60,6,0.0,0.0,0.0,0.0,0.0,0.0,0.0,0.0,0.0,0.0,1.0
60,7,0.0,0.0,0.0,0.0,0.0,0.0,0.0,0.0,0.0,0.0,1.0
70,0,1.0,1.0,1.0,0.0,0.0,0.0,0.523989898989899,0.523989898989899,0.0,0.5163185378590078,0.7558575288252036
70,1,0.0,0.0,0.0,0.0,0.0,0.0,0.8409090909090909,0.8409090909090909,0.0,0.858355091383812,0.9999969014195869
70,2,0.0,0.0,0.0,0.0,0.0,0.0,0.5151515151515152,0.5151515151515152,0.0,0.5215404699738904,0.9999981017705575
70,3,0.0,0.0,0.0,0.0,0.0,0.0,0.6092171717171718,0.6092171717171717,0.0,0.631201044386423,0.9999977551575832
70,4,0.0,0.0,0.0,0.0,0.0,0.0,0.0,0.0,0.0,0.0,1.0
70,5,0.0,0.0,0.0,0.0,0.0,0.0,0.0,0.0,0.0,0.0,1.0
70,6,0.0,0.0,0.0,0.0,0.0,0.0,0.0,0.0,0.0,0.0,1.0
70,7,0.0,0.0,0.0,0.0,0.0,0.0,0.0,0.0,0.0,0.0,1.0
80,0,1.0,1.0,1.0,0.0,0.0,0.0,0.4993686868686869,0.4993686868686869,0.0,0.489556135770235,0.7558576195494049
80,1,0.0,0.0,0.0,0.0,0.0,0.0,0.8301767676767677,0.8301767676767677,0.0,0.8498694516971279,0.999996940966033
80,2,0.0,0.0,0.0,0.0,0.0,0.0,0.5044191919191919,0.5044191919191919,0.0,0.5137075718015666,0.999998141317004
80,3,0.0,0.0,0.0,0.0,0.0,0.0,0.610479797979798,0.610479797979798,0.0,0.6331592689295039,0.9999977505050599
80,4,0.0,0.0,0.0,0.0,0.0,0.0,0.0,0.0,0.0,0.0,1.0
80,5,0.0,0.0,0.0,0.0,0.0,0.0,0.0,0.0,0.0,0.0,1.0
80,6,0.0,0.0,0.0,0.0,0.0,0.0,0.0,0.0,0.0,0.0,1.0
80,7,0.0,0.0,0.0,0.0,0.0,0.0,0.0,0.0,0.0,0.0,1.0
90,0,1.0,1.0,0.0,0.0,0.0,0.0,0.4734848484848485,0.47348484848484845,0.0,0.0,0.7558577149261294
90,1,0.0,0.0,0.0,0.0,0.0,0.0,0.821969696969697,0.8219696969696969,0.0,0.0,0.9999969712074339
90,2,0.0,0.0,0.0,0.0,0.0,0.0,0.49684343434343436,0.49684343434343436,0.0,0.0,0.9999981692321427
90,3,0.0,0.0,0.0,0.0,0.0,0.0,0.6123737373737375,0.6123737373737373,0.0,0.0,0.9999977435262752
90,4,0.0,0.0,0.0,0.0,0.0,0.0,0.0,0.0,0.0,0.0,1.0
90,5,0.0,0.0,0.0,0.0,0.0,0.0,0.0,0.0,0.0,0.0,1.0
90,6,0.0,0.0,0.0,0.0,0.0,0.0,0.0,0.0,0.0,0.0,1.0
90,7,0.0,0.0,0.0,0.0,0.0,0.0,0.0,0.0,0.0,0.0,1.0
0,0,0.0,0.0,0.0,0.0,0.0,0.0,0.0,0.0,0.0,0.0,1.0
0,1,0.0,0.0,0.0,0.0,0.0,0.0,0.0,0.0,0.0,0.0,1.0
0,2,0.0,0.0,0.0,0.0,0.0,0.0,0.0,0.0,0.0,0.0,1.0
0,3,0.0,0.0,0.0,1.0,1.0,1.0,0.0,0.0,0.0,0.0,3.466129741003243e-07
0,4,1.0,1.0,1.0,0.0,0.0,0.0,0.8781565656565657,0.8781565656565656,0.0,0.8955613577023499,0.7558562237924618
0,5,0.0,0.0,0.0,0.0,0.0,0.0,0.9577020202020203,0.9577020202020202,0.0,0.9712793733681462,0.9999964710611957
0,6,0.0,0.0,0.0,0.0,0.0,0.0,0.6609848484848485,0.6609848484848485,0.0,0.685378590078329,0.9999975644041346
0,7,0.0,0.0,0.0,0.0,0.0,0.0,0.6597222222222223,0.6597222222222223,0.0,0.6860313315926893,0.9999975690566574
10,0,0.0,0.0,0.0,0.0,0.0,0.0,0.0,0.0,0.0,0.0,1.0
10,1,0.0,0.0,0.0,0.0,0.0,0.0,0.0,0.0,0.0,0.0,1.0
10,2,0.0,0.0,0.0,0.0,0.0,0.0,0.0,0.0,0.0,0.0,1.0
10,3,0.0,0.0,0.0,1.0,1.0,1.0,0.0,0.0,0.0,0.0,3.466129741003243e-07
10,4,1.0,1.0,1.0,0.0,0.0,0.0,0.8661616161616162,0.8661616161616162,0.0,0.8851174934725848,0.7558562679914318
10,5,0.0,0.0,0.0,0.0,0.0,0.0,0.9393939393939394,0.9393939393939394,0.0,0.9569190600522194,0.9999965385227814
10,6,0.0,0.0,0.0,0.0,0.0,0.0,0.662878787878788,0.662878787878788,0.0,0.6879895561357703,0.9999975574253503
10,7,0.0,0.0,0.0,0.0,0.0,0.0,0.6635101010101011,0.6635101010101011,0.0,0.6873368146214099,0.999997555099088
20,0,0.0,0.0,0.0,0.0,0.0,0.0,0.0,0.0,0.0,0.0,1.0
20,1,0.0,0.0,0.0,0.0,0.0,0.0,0.0,0.0,0.0,0.0,1.0
20,2,0.0,0.0,0.0,0.0,0.0,0.0,0.0,0.0,0.0,0.0,1.0
20,3,0.0,0.0,0.0,1.0,1.0,1.0,0.0,0.0,0.0,0.0,3.466129741003243e-07
20,4,1.0,1.0,1.0,0.0,0.0,0.0,0.8560606060606062,0.8560606060606061,0.0,0.8714099216710183,0.755856305211617
20,5,0.0,0.0,0.0,0.0,0.0,0.0,0.9255050505050506,0.9255050505050505,0.0,0.9471279373368147,0.9999965897005358
20,6,0.0,0.0,0.0,0.0,0.0,0.0,0.6654040404040404,0.6654040404040404,0.0,0.6906005221932116,0.999997548120303
20,7,0.0,0.0,0.0,0.0,0.0,0.0,0.6647727272727273,0.6647727272727273,0.0,0.6879895561357703,0.9999975504465648
30,0,0.0,0.0,0.0,0.0,0.0,0.0,0.0,0.0,0.0,0.0,1.0
30,1,0.0,0.0,0.0,0.0,0.0,0.0,0.0,0.0,0.0,0.0,1.0
30,2,0.0,0.0,0.0,0.0,0.0,0.0,0.0,0.0,0.0,0.0,1.0
30,3,0.0,0.0,0.0,1.0,1.0,1.0,0.0,0.0,0.0,0.0,3.466129741003243e-07
30,4,1.0,1.0,1.0,0.0,0.0,0.0,0.8428030303030304,0.8428030303030303,0.0,0.8570496083550914,0.75585635406311
30,5,0.0,0.0,0.0,0.0,0.0,0.0,0.9160353535353536,0.9160353535353536,0.0,0.9340731070496083,0.9999966245944591
30,6,0.0,0.0,0.0,0.0,0.0,0.0,0.667929292929293,0.6679292929292929,0.0,0.6945169712793734,0.9999975388152569
30,7,0.0,0.0,0.0,0.0,0.0,0.0,0.6654040404040404,0.6654040404040404,0.0,0.6899477806788512,0.999997548120303
40,0,0.0,0.0,0.0,0.0,0.0,0.0,0.0,0.0,0.0,0.0,1.0
40,1,0.0,0.0,0.0,0.0,0.0,0.0,0.0,0.0,0.0,0.0,1.0
40,2,0.0,0.0,0.0,0.0,0.0,0.0,0.0,0.0,0.0,0.0,1.0
40,3,0.0,0.0,0.0,1.0,1.0,1.0,0.0,0.0,0.0,0.0,3.466129741003243e-07
40,4,1.0,1.0,1.0,0.0,0.0,0.0,0.8289141414141414,0.8289141414141414,0.0,0.8472584856396866,0.7558564052408643
40,5,0.0,0.0,0.0,0.0,0.0,0.0,0.9034090909090909,0.9034090909090909,0.0,0.9216710182767625,0.9999966711196908
40,6,0.0,0.0,0.0,0.0,0.0,0.0,0.6717171717171718,0.6717171717171717,0.0,0.695822454308094,0.9999975248576876
40,7,0.0,0.0,0.0,0.0,0.0,0.0,0.6672979797979799,0.6672979797979798,0.0,0.6899477806788512,0.9999975411415183
50,0,0.0,0.0,0.0,0.0,0.0,0.0,0.0,0.0,0.0,0.0,1.0
50,1,0.0,0.0,0.0,0.0,0.0,0.0,0.0,0.0,0.0,0.0,1.0
50,2,0.0,0.0,0.0,0.0,0.0,0.0,0.0,0.0,0.0,0.0,1.0
50,3,0.0,0.0,0.0,1.0,1.0,1.0,0.0,0.0,0.0,0.0,3.466129741003243e-07
50,4,1.0,1.0,1.0,0.0,0.0,0.0,0.8194444444444445,0.8194444444444444,0.0,0.839425587467363,0.755856440134788
50,5,0.0,0.0,0.0,0.0,0.0,0.0,0.8914141414141414,0.8914141414141414,0.0,0.910574412532637,0.9999967153186606
50,6,0.0,0.0,0.0,0.0,0.0,0.0,0.672979797979798,0.672979797979798,0.0,0.6990861618798956,0.9999975202051647
50,7,0.0,0.0,0.0,0.0,0.0,0.0,0.6672979797979799,0.6672979797979798,0.0,0.693864229765013,0.9999975411415183
60,0,0.0,0.0,0.0,0.0,0.0,0.0,0.0,0.0,0.0,0.0,1.0
60,1,0.0,0.0,0.0,0.0,0.0,0.0,0.0,0.0,0.0,0.0,1.0
60,2,0.0,0.0,0.0,0.0,0.0,0.0,0.0,0.0,0.0,0.0,1.0
60,3,0.0,0.0,0.0,1.0,1.0,1.0,0.0,0.0,0.0,0.0,3.466129741003243e-07
60,4,1.0,1.0,1.0,0.0,0.0,0.0,0.811868686868687,0.8118686868686869,0.0,0.8276762402088773,0.7558564680499271
60,5,0.0,0.0,0.0,0.0,0.0,0.0,0.8806818181818182,0.8806818181818182,0.0,0.8988250652741514,0.9999967548651076
60,6,0.0,0.0,0.0,0.0,0.0,0.0,0.6761363636363636,0.6761363636363636,0.0,0.7023498694516971,0.9999975085738564
60,7,0.0,0.0,0.0,0.0,0.0,0.0,0.6710858585858587,0.6710858585858586,0.0,0.6945169712793734,0.9999975271839494
70,0,0.0,0.0,0.0,0.0,0.0,0.0,0.0,0.0,0.0,0.0,1.0
70,1,0.0,0.0,0.0,0.0,0.0,0.0,0.0,0.0,0.0,0.0,1.0
70,2,0.0,0.0,0.0,0.0,0.0,0.0,0.0,0.0,0.0,0.0,1.0
70,3,0.0,0.0,0.0,1.0,1.0,1.0,0.0,0.0,0.0,0.0,3.466129741003243e-07
70,4,1.0,1.0,1.0,0.0,0.0,0.0,0.8005050505050506,0.8005050505050505,0.0,0.814621409921671,0.7558565099226351
70,5,0.0,0.0,0.0,0.0,0.0,0.0,0.8693181818181819,0.8693181818181819,0.0,0.889686684073107,0.9999967967378156
70,6,0.0,0.0,0.0,0.0,0.0,0.0,0.6792929292929294,0.6792929292929294,0.0,0.7056135770234987,0.9999974969425489
70,7,0.0,0.0,0.0,0.0,0.0,0.0,0.6717171717171718,0.6717171717171717,0.0,0.6951697127937337,0.9999975248576876
80,0,0.0,0.0,0.0,0.0,0.0,0.0,0.0,0.0,0.0,0.0,1.0
80,1,0.0,0.0,0.0,0.0,0.0,0.0,0.0,0.0,0.0,0.0,1.0
80,2,0.0,0.0,0.0,0.0,0.0,0.0,0.0,0.0,0.0,0.0,1.0
80,3,0.0,0.0,0.0,1.0,1.0,1.0,0.0,0.0,0.0,0.0,3.466129741003243e-07
80,4,1.0,1.0,1.0,0.0,0.0,0.0,0.787878787878788,0.787878787878788,0.0,0.8054830287206266,0.7558565564478668
80,5,0.0,0.0,0.0,0.0,0.0,0.0,0.860479797979798,0.860479797979798,0.0,0.8792428198433421,0.999996829305478
80,6,0.0,0.0,0.0,0.0,0.0,0.0,0.682449494949495,0.682449494949495,0.0,0.7075718015665796,0.999997485311241
80,7,0.0,0.0,0.0,0.0,0.0,0.0,0.6723484848484849,0.6723484848484849,0.0,0.6964751958224543,0.9999975225314262
90,0,0.0,0.0,0.0,0.0,0.0,0.0,0.0,0.0,0.0,0.0,1.0
90,1,0.0,0.0,0.0,0.0,0.0,0.0,0.0,0.0,0.0,0.0,1.0
90,2,0.0,0.0,0.0,0.0,0.0,0.0,0.0,0.0,0.0,0.0,1.0
90,3,0.0,0.0,0.0,1.0,1.0,0.0,0.0,0.0,0.0,0.0,3.466129741003243e-07
90,4,1.0,1.0,0.0,0.0,0.0,0.0,0.7790404040404041,0.779040404040404,0.0,0.0,0.7558565890155287
90,5,0.0,0.0,0.0,0.0,0.0,0.0,0.850378787878788,0.850378787878788,0.0,0.0,0.9999968665256631
90,6,0.0,0.0,0.0,0.0,0.0,0.0,0.6843434343434344,0.6843434343434344,0.0,0.0,0.9999974783324563
90,7,0.0,0.0,0.0,0.0,0.0,0.0,0.6736111111111112,0.673611111111111,0.0,0.0,0.9999975178789029
0,0,1.0,1.0,1.0,0.0,0.0,0.0,0.8377525252525253,0.8377525252525253,0.0,0.7454308093994778,0.7558563726732024
0,1,0.0,0.0,0.0,0.0,0.0,0.0,0.749368686868687,0.7493686868686869,0.0,0.7767624020887729,0.9999972387275142
0,2,0.0,0.0,0.0,0.0,0.0,0.0,0.8289141414141414,0.8289141414141414,0.0,0.7251958224543081,0.9999969456185562
0,3,0.0,0.0,0.0,0.0,0.0,0.0,0.7405303030303031,0.7405303030303031,0.0,0.7656657963446475,0.9999972712951761
0,4,0.0,0.0,0.0,0.0,0.0,0.0,0.0,0.0,0.0,0.0,1.0
0,5,0.0,0.0,0.0,0.0,0.0,0.0,0.0,0.0,0.0,0.0,1.0
0,6,0.0,0.0,0.0,0.0,0.0,0.0,0.0,0.0,0.0,0.0,1.0
0,7,0.0,0.0,0.0,0.0,0.0,0.0,0.0,0.0,0.0,0.0,1.0
10,0,1.0,1.0,1.0,0.0,0.0,0.0,0.720959595959596,0.720959595959596,0.0,0.693864229765013,0.7558568030315931
10,1,0.0,0.0,0.0,0.0,0.0,0.0,0.7512626262626263,0.7512626262626263,0.0,0.7728459530026109,0.9999972317487296
10,2,0.0,0.0,0.0,0.0,0.0,0.0,0.701388888888889,0.701388888888889,0.0,0.6899477806788512,0.9999974155233939
10,3,0.0,0.0,0.0,0.0,0.0,0.0,0.7405303030303031,0.7405303030303031,0.0,0.7643603133159269,0.9999972712951761
10,4,0.0,0.0,0.0,0.0,0.0,0.0,0.0,0.0,0.0,0.0,1.0
10,5,0.0,0.0,0.0,0.0,0.0,0.0,0.0,0.0,0.0,0.0,1.0
10,6,0.0,0.0,0.0,0.0,0.0,0.0,0.0,0.0,0.0,0.0,1.0
10,7,0.0,0.0,0.0,0.0,0.0,0.0,0.0,0.0,0.0,0.0,1.0
20,0,1.0,1.0,1.0,0.0,0.0,0.0,0.6710858585858587,0.6710858585858586,0.0,0.6553524804177546,0.7558569868062575
20,1,0.0,0.0,0.0,0.0,0.0,0.0,0.7474747474747475,0.7474747474747476,0.0,0.7689295039164491,0.9999972457062989
20,2,0.0,0.0,0.0,0.0,0.0,0.0,0.6672979797979799,0.6672979797979798,0.0,0.6573107049608355,0.9999975411415183
20,3,0.0,0.0,0.0,0.0,0.0,0.0,0.7392676767676768,0.7392676767676768,0.0,0.7597911227154047,0.9999972759476994
20,4,0.0,0.0,0.0,0.0,0.0,0.0,0.0,0.0,0.0,0.0,1.0
20,5,0.0,0.0,0.0,0.0,0.0,0.0,0.0,0.0,0.0,0.0,1.0
20,6,0.0,0.0,0.0,0.0,0.0,0.0,0.0,0.0,0.0,0.0,1.0
20,7,0.0,0.0,0.0,0.0,0.0,0.0,0.0,0.0,0.0,0.0,1.0
30,0,1.0,1.0,1.0,0.0,0.0,0.0,0.6338383838383839,0.633838383838384,0.0,0.618798955613577,0.7558571240556899
30,1,0.0,0.0,0.0,0.0,0.0,0.0,0.7436868686868687,0.7436868686868687,0.0,0.7630548302872063,0.9999972596638687
30,2,0.0,0.0,0.0,0.0,0.0,0.0,0.6357323232323233,0.6357323232323232,0.0,0.6318537859007833,0.999997657454597
30,3,0.0,0.0,0.0,0.0,0.0,0.0,0.7348484848484849,0.7348484848484849,0.0,0.7545691906005222,0.9999972922315301
30,4,0.0,0.0,0.0,0.0,0.0,0.0,0.0,0.0,0.0,0.0,1.0
30,5,0.0,0.0,0.0,0.0,0.0,0.0,0.0,0.0,0.0,0.0,1.0
30,6,0.0,0.0,0.0,0.0,0.0,0.0,0.0,0.0,0.0,0.0,1.0
30,7,0.0,0.0,0.0,0.0,0.0,0.0,0.0,0.0,0.0,0.0,1.0
40,0,1.0,1.0,1.0,0.0,0.0,0.0,0.5984848484848485,0.5984848484848485,0.0,0.6011749347258486,0.7558572543263384
40,1,0.0,0.0,0.0,0.0,0.0,0.0,0.7380050505050506,0.7380050505050505,0.0,0.7597911227154047,0.9999972806002226
40,2,0.0,0.0,0.0,0.0,0.0,0.0,0.6111111111111112,0.611111111111111,0.0,0.6057441253263708,0.9999977481787985
40,3,0.0,0.0,0.0,0.0,0.0,0.0,0.7297979797979799,0.7297979797979798,0.0,0.75,0.9999973108416231
40,4,0.0,0.0,0.0,0.0,0.0,0.0,0.0,0.0,0.0,0.0,1.0
40,5,0.0,0.0,0.0,0.0,0.0,0.0,0.0,0.0,0.0,0.0,1.0
40,6,0.0,0.0,0.0,0.0,0.0,0.0,0.0,0.0,0.0,0.0,1.0
40,7,0.0,0.0,0.0,0.0,0.0,0.0,0.0,0.0,0.0,0.0,1.0
50,0,1.0,1.0,1.0,0.0,0.0,0.0,0.581439393939394,0.5814393939393939,0.0,0.5724543080939948,0.7558573171354006
50,1,0.0,0.0,0.0,0.0,0.0,0.0,0.7348484848484849,0.7348484848484849,0.0,0.7597911227154047,0.9999972922315301
50,2,0.0,0.0,0.0,0.0,0.0,0.0,0.5858585858585859,0.5858585858585859,0.0,0.5796344647519582,0.9999978412292609
50,3,0.0,0.0,0.0,0.0,0.0,0.0,0.725378787878788,0.725378787878788,0.0,0.7506527415143603,0.9999973271254539
50,4,0.0,0.0,0.0,0.0,0.0,0.0,0.0,0.0,0.0,0.0,1.0
50,5,0.0,0.0,0.0,0.0,0.0,0.0,0.0,0.0,0.0,0.0,1.0
50,6,0.0,0.0,0.0,0.0,0.0,0.0,0.0,0.0,0.0,0.0,1.0
50,7,0.0,0.0,0.0,0.0,0.0,0.0,0.0,0.0,0.0,0.0,1.0
60,0,1.0,1.0,1.0,0.0,0.0,0.0,0.5536616161616162,0.5536616161616162,0.0,0.5548302872062664,0.75585741949091
60,1,0.0,0.0,0.0,0.0,0.0,0.0,0.7348484848484849,0.7348484848484849,0.0,0.7571801566579635,0.9999972922315301
60,2,0.0,0.0,0.0,0.0,0.0,0.0,0.5606060606060607,0.5606060606060607,0.0,0.5607049608355091,0.9999979342797243
60,3,0.0,0.0,0.0,0.0,0.0,0.0,0.7260101010101011,0.7260101010101011,0.0,0.7460835509138382,0.9999973247991925
60,4,0.0,0.0,0.0,0.0,0.0,0.0,0.0,0.0,0.0,0.0,1.0
60,5,0.0,0.0,0.0,0.0,0.0,0.0,0.0,0.0,0.0,0.0,1.0
60,6,0.0,0.0,0.0,0.0,0.0,0.0,0.0,0.0,0.0,0.0,1.0
60,7,0.0,0.0,0.0,0.0,0.0,0.0,0.0,0.0,0.0,0.0,1.0
70,0,1.0,1.0,1.0,0.0,0.0,0.0,0.5366161616161617,0.5366161616161617,0.0,0.5306788511749347,0.7558574822999722
70,1,0.0,0.0,0.0,0.0,0.0,0.0,0.7323232323232324,0.7323232323232324,0.0,0.7545691906005222,0.9999973015365771
70,2,0.0,0.0,0.0,0.0,0.0,0.0,0.5422979797979799,0.5422979797979798,0.0,0.5385117493472585,0.9999980017413099
70,3,0.0,0.0,0.0,0.0,0.0,0.0,0.7215909090909092,0.7215909090909092,0.0,0.741514360313316,0.9999973410830236
70,4,0.0,0.0,0.0,0.0,0.0,0.0,0.0,0.0,0.0,0.0,1.0
70,5,0.0,0.0,0.0,0.0,0.0,0.0,0.0,0.0,0.0,0.0,1.0
70,6,0.0,0.0,0.0,0.0,0.0,0.0,0.0,0.0,0.0,0.0,1.0
70,7,0.0,0.0,0.0,0.0,0.0,0.0,0.0,0.0,0.0,0.0,1.0
80,0,1.0,1.0,1.0,0.0,0.0,0.0,0.5132575757575758,0.5132575757575758,0.0,0.5150130548302873,0.7558575683716502
80,1,0.0,0.0,0.0,0.0,0.0,0.0,0.7297979797979799,0.7297979797979798,0.0,0.7506527415143603,0.9999973108416231
80,2,0.0,0.0,0.0,0.0,0.0,0.0,0.5208333333333334,0.5208333333333334,0.0,0.5176240208877285,0.999998080834203
80,3,0.0,0.0,0.0,0.0,0.0,0.0,0.7171717171717172,0.7171717171717171,0.0,0.737597911227154,0.9999973573668544
80,4,0.0,0.0,0.0,0.0,0.0,0.0,0.0,0.0,0.0,0.0,1.0
80,5,0.0,0.0,0.0,0.0,0.0,0.0,0.0,0.0,0.0,0.0,1.0
80,6,0.0,0.0,0.0,0.0,0.0,0.0,0.0,0.0,0.0,0.0,1.0
80,7,0.0,0.0,0.0,0.0,0.0,0.0,0.0,0.0,0.0,0.0,1.0
90,0,1.0,1.0,0.0,0.0,0.0,0.0,0.49810606060606066,0.49810606060606066,0.0,0.0,0.7558576242019281
90,1,0.0,0.0,0.0,0.0,0.0,0.0,0.7260101010101011,0.7260101010101011,0.0,0.0,0.9999973247991925
90,2,0.0,0.0,0.0,0.0,0.0,0.0,0.5006313131313131,0.5006313131313131,0.0,0.0,0.9999981552745734
90,3,0.0,0.0,0.0,0.0,0.0,0.0,0.7133838383838385,0.7133838383838383,0.0,0.0,0.9999973713244241
90,4,0.0,0.0,0.0,0.0,0.0,0.0,0.0,0.0,0.0,0.0,1.0
90,5,0.0,0.0,0.0,0.0,0.0,0.0,0.0,0.0,0.0,0.0,1.0
90,6,0.0,0.0,0.0,0.0,0.0,0.0,0.0,0.0,0.0,0.0,1.0
90,7,0.0,0.0,0.0,0.0,0.0,0.0,0.0,0.0,0.0,0.0,1.0
0,0,0.0,0.0,0.0,0.0,0.0,0.0,0.0,0.0,0.0,0.0,1.0
0,1,0.0,0.0,0.0,0.0,0.0,0.0,0.0,0.0,0.0,0.0,1.0
0,2,0.0,0.0,0.0,0.0,0.0,0.0,0.0,0.0,0.0,0.0,1.0
0,3,0.0,0.0,0.0,1.0,1.0,1.0,0.0,0.0,0.0,0.0,3.466129741003243e-07
0,4,1.0,1.0,1.0,0.0,0.0,0.0,0.984848484848485,0.984848484848485,0.0,0.8054830287206266,0.7558558306542564
0,5,0.0,0.0,0.0,0.0,0.0,0.0,0.8611111111111112,0.8611111111111112,0.0,0.889686684073107,0.9999968269792161
0,6,0.0,0.0,0.0,0.0,0.0,0.0,0.6919191919191919,0.6919191919191918,0.0,0.6631853785900783,0.9999974504173172
0,7,0.0,0.0,0.0,0.0,0.0,0.0,0.6186868686868687,0.6186868686868687,0.0,0.6468668407310705,0.9999977202636594
10,0,0.0,0.0,0.0,0.0,0.0,0.0,0.0,0.0,0.0,0.0,1.0
10,1,0.0,0.0,0.0,0.0,0.0,0.0,0.0,0.0,0.0,0.0,1.0
10,2,0.0,0.0,0.0,0.0,0.0,0.0,0.0,0.0,0.0,0.0,1.0
10,3,0.0,0.0,0.0,1.0,1.0,1.0,0.0,0.0,0.0,0.0,3.466129741003243e-07
10,4,1.0,1.0,1.0,0.0,0.0,0.0,0.7790404040404041,0.779040404040404,0.0,0.7473890339425587,0.7558565890155287
10,5,0.0,0.0,0.0,0.0,0.0,0.0,0.860479797979798,0.860479797979798,0.0,0.8805483028720626,0.999996829305478
10,6,0.0,0.0,0.0,0.0,0.0,0.0,0.6414141414141414,0.6414141414141414,0.0,0.6338120104438643,0.999997636518243
10,7,0.0,0.0,0.0,0.0,0.0,0.0,0.6256313131313131,0.6256313131313133,0.0,0.6494778067885117,0.9999976946747822
20,0,0.0,0.0,0.0,0.0,0.0,0.0,0.0,0.0,0.0,0.0,1.0
20,1,0.0,0.0,0.0,0.0,0.0,0.0,0.0,0.0,0.0,0.0,1.0
20,2,0.0,0.0,0.0,0.0,0.0,0.0,0.0,0.0,0.0,0.0,1.0
20,3,0.0,0.0,0.0,1.0,1.0,1.0,0.0,0.0,0.0,0.0,3.466129741003243e-07
20,4,1.0,1.0,1.0,0.0,0.0,0.0,0.7228535353535355,0.7228535353535355,0.0,0.6984334203655352,0.7558567960528084
20,5,0.0,0.0,0.0,0.0,0.0,0.0,0.8516414141414143,0.8516414141414141,0.0,0.8668407310704961,0.9999968618731399
20,6,0.0,0.0,0.0,0.0,0.0,0.0,0.6130050505050506,0.6130050505050505,0.0,0.6116187989556136,0.9999977412000138
20,7,0.0,0.0,0.0,0.0,0.0,0.0,0.6281565656565657,0.6281565656565656,0.0,0.6507832898172324,0.9999976853697361
30,0,0.0,0.0,0.0,0.0,0.0,0.0,0.0,0.0,0.0,0.0,1.0
30,1,0.0,0.0,0.0,0.0,0.0,0.0,0.0,0.0,0.0,0.0,1.0
30,2,0.0,0.0,0.0,0.0,0.0,0.0,0.0,0.0,0.0,0.0,1.0
30,3,0.0,0.0,0.0,1.0,1.0,1.0,0.0,0.0,0.0,0.0,3.466129741003243e-07
30,4,1.0,1.0,1.0,0.0,0.0,0.0,0.6755050505050506,0.6755050505050505,0.0,0.6592689295039165,0.7558569705224265
30,5,0.0,0.0,0.0,0.0,0.0,0.0,0.8383838383838385,0.8383838383838383,0.0,0.8563968668407311,0.9999969107246325
30,6,0.0,0.0,0.0,0.0,0.0,0.0,0.5915404040404041,0.591540404040404,0.0,0.5900783289817233,0.9999978202929074
30,7,0.0,0.0,0.0,0.0,0.0,0.0,0.6294191919191919,0.6294191919191919,0.0,0.6533942558746736,0.9999976807172128
40,0,0.0,0.0,0.0,0.0,0.0,0.0,0.0,0.0,0.0,0.0,1.0
40,1,0.0,0.0,0.0,0.0,0.0,0.0,0.0,0.0,0.0,0.0,1.0
40,2,0.0,0.0,0.0,0.0,0.0,0.0,0.0,0.0,0.0,0.0,1.0
40,3,0.0,0.0,0.0,1.0,1.0,1.0,0.0,0.0,0.0,0.0,3.466129741003243e-07
40,4,1.0,1.0,1.0,0.0,0.0,0.0,0.6376262626262627,0.6376262626262627,0.0,0.6168407310704961,0.7558571100981206
40,5,0.0,0.0,0.0,0.0,0.0,0.0,0.8282828282828284,0.8282828282828284,0.0,0.8466057441253264,0.9999969479448176
40,6,0.0,0.0,0.0,0.0,0.0,0.0,0.5707070707070707,0.5707070707070707,0.0,0.5776762402088773,0.9999978970595391
40,7,0.0,0.0,0.0,0.0,0.0,0.0,0.6319444444444445,0.6319444444444444,0.0,0.6553524804177546,0.9999976714121668
50,0,0.0,0.0,0.0,0.0,0.0,0.0,0.0,0.0,0.0,0.0,1.0
50,1,0.0,0.0,0.0,0.0,0.0,0.0,0.0,0.0,0.0,0.0,1.0
50,2,0.0,0.0,0.0,0.0,0.0,0.0,0.0,0.0,0.0,0.0,1.0
50,3,0.0,0.0,0.0,1.0,1.0,1.0,0.0,0.0,0.0,0.0,3.466129741003243e-07
50,4,1.0,1.0,1.0,0.0,0.0,0.0,0.5965909090909092,0.5965909090909092,0.0,0.5796344647519582,0.7558572613051227
50,5,0.0,0.0,0.0,0.0,0.0,0.0,0.8188131313131314,0.8188131313131313,0.0,0.8446475195822455,0.9999969828387414
50,6,0.0,0.0,0.0,0.0,0.0,0.0,0.5587121212121212,0.5587121212121212,0.0,0.5620104438642298,0.9999979412585089
50,7,0.0,0.0,0.0,0.0,0.0,0.0,0.6338383838383839,0.633838383838384,0.0,0.6586161879895561,0.9999976644333821
60,0,0.0,0.0,0.0,0.0,0.0,0.0,0.0,0.0,0.0,0.0,1.0
60,1,0.0,0.0,0.0,0.0,0.0,0.0,0.0,0.0,0.0,0.0,1.0
60,2,0.0,0.0,0.0,0.0,0.0,0.0,0.0,0.0,0.0,0.0,1.0
60,3,0.0,0.0,0.0,1.0,1.0,1.0,0.0,0.0,0.0,0.0,3.466129741003243e-07
60,4,1.0,1.0,1.0,0.0,0.0,0.0,0.5606060606060607,0.5606060606060607,0.0,0.5430809399477807,0.7558573939020323
60,5,0.0,0.0,0.0,0.0,0.0,0.0,0.8169191919191919,0.8169191919191919,0.0,0.8361618798955613,0.999996989817526
60,6,0.0,0.0,0.0,0.0,0.0,0.0,0.5435606060606061,0.5435606060606061,0.0,0.5496083550913838,0.9999979970887867
60,7,0.0,0.0,0.0,0.0,0.0,0.0,0.6369949494949495,0.6369949494949496,0.0,0.6599216710182768,0.9999976528020738
70,0,0.0,0.0,0.0,0.0,0.0,0.0,0.0,0.0,0.0,0.0,1.0
70,1,0.0,0.0,0.0,0.0,0.0,0.0,0.0,0.0,0.0,0.0,1.0
70,2,0.0,0.0,0.0,0.0,0.0,0.0,0.0,0.0,0.0,0.0,1.0
70,3,0.0,0.0,0.0,1.0,1.0,1.0,0.0,0.0,0.0,0.0,3.466129741003243e-07
70,4,1.0,1.0,1.0,0.0,0.0,0.0,0.5252525252525253,0.5252525252525253,0.0,0.5182767624020888,0.7558575241726802
70,5,0.0,0.0,0.0,0.0,0.0,0.0,0.8087121212121213,0.8087121212121212,0.0,0.8244125326370757,0.999997020058927
70,6,0.0,0.0,0.0,0.0,0.0,0.0,0.5315656565656566,0.5315656565656566,0.0,0.5372062663185379,0.9999980412877565
70,7,0.0,0.0,0.0,0.0,0.0,0.0,0.6382575757575758,0.6382575757575758,0.0,0.6625326370757181,0.9999976481495509
80,0,0.0,0.0,0.0,0.0,0.0,0.0,0.0,0.0,0.0,0.0,1.0
80,1,0.0,0.0,0.0,0.0,0.0,0.0,0.0,0.0,0.0,0.0,1.0
80,2,0.0,0.0,0.0,0.0,0.0,0.0,0.0,0.0,0.0,0.0,1.0
80,3,0.0,0.0,0.0,1.0,1.0,1.0,0.0,0.0,0.0,0.0,3.466129741003243e-07
80,4,1.0,1.0,1.0,0.0,0.0,0.0,0.5012626262626263,0.5012626262626263,0.0,0.49281984334203655,0.75585761257062
80,5,0.0,0.0,0.0,0.0,0.0,0.0,0.7973484848484849,0.7973484848484849,0.0,0.8093994778067886,0.999997061931635
80,6,0.0,0.0,0.0,0.0,0.0,0.0,0.5195707070707071,0.5195707070707071,0.0,0.5234986945169713,0.9999980854867263
80,7,0.0,0.0,0.0,0.0,0.0,0.0,0.6407828282828283,0.6407828282828283,0.0,0.6657963446475196,0.9999976388445044
90,0,0.0,0.0,0.0,0.0,0.0,0.0,0.0,0.0,0.0,0.0,1.0
90,1,0.0,0.0,0.0,0.0,0.0,0.0,0.0,0.0,0.0,0.0,1.0
90,2,0.0,0.0,0.0,0.0,0.0,0.0,0.0,0.0,0.0,0.0,1.0
90,3,0.0,0.0,0.0,1.0,1.0,0.0,0.0,0.0,0.0,0.0,3.466129741003243e-07
90,4,1.0,1.0,0.0,0.0,0.0,0.0,0.4766414141414142,0.4766414141414142,0.0,0.0,0.7558577032948213
90,5,0.0,0.0,0.0,0.0,0.0,0.0,0.7828282828282829,0.7828282828282829,0.0,0.0,0.9999971154356513
90,6,0.0,0.0,0.0,0.0,0.0,0.0,0.5063131313131314,0.5063131313131313,0.0,0.0,0.9999981343382189
90,7,0.0,0.0,0.0,0.0,0.0,0.0,0.643939393939394,0.6439393939393939,0.0,0.0,0.999997627213197
0,0,0.0,0.0,0.0,0.0,0.0,0.0,0.0,0.0,0.0,0.0,1.0
0,1,0.0,0.0,0.0,0.0,0.0,0.0,0.0,0.0,0.0,0.0,1.0
0,2,0.0,0.0,0.0,0.0,0.0,0.0,0.0,0.0,0.0,0.0,1.0
0,3,0.0,0.0,0.0,1.0,1.0,1.0,0.0,0.0,0.0,0.0,3.466129741003243e-07
0,4,0.0,0.0,0.0,0.0,0.0,0.0,0.9551767676767677,0.9551767676767677,0.0,0.9614882506527416,0.9999964803662418
0,5,1.0,1.0,1.0,0.0,0.0,0.0,0.92739898989899,0.9273989898989897,0.0,0.9406005221932116,0.7558560423440592
0,6,0.0,0.0,0.0,0.0,0.0,0.0,0.6780303030303031,0.6780303030303032,0.0,0.7049608355091384,0.9999975015950717
0,7,0.0,0.0,0.0,0.0,0.0,0.0,0.595959595959596,0.595959595959596,0.0,0.6181462140992168,0.9999978040090758
10,0,0.0,0.0,0.0,0.0,0.0,0.0,0.0,0.0,0.0,0.0,1.0
10,1,0.0,0.0,0.0,0.0,0.0,0.0,0.0,0.0,0.0,0.0,1.0
10,2,0.0,0.0,0.0,0.0,0.0,0.0,0.0,0.0,0.0,0.0,1.0
10,3,0.0,0.0,0.0,1.0,1.0,1.0,0.0,0.0,0.0,0.0,3.466129741003243e-07
10,4,0.0,0.0,0.0,0.0,0.0,0.0,0.9299242424242425,0.9299242424242425,0.0,0.9464751958224543,0.9999965734167056
10,5,1.0,1.0,1.0,0.0,0.0,0.0,0.9097222222222223,0.9097222222222223,0.0,0.9223237597911227,0.7558561074793835
10,6,0.0,0.0,0.0,0.0,0.0,0.0,0.6818181818181819,0.6818181818181819,0.0,0.7088772845953003,0.9999974876375024
10,7,0.0,0.0,0.0,0.0,0.0,0.0,0.5978535353535354,0.5978535353535354,0.0,0.6233681462140992,0.9999977970302916
20,0,0.0,0.0,0.0,0.0,0.0,0.0,0.0,0.0,0.0,0.0,1.0
20,1,0.0,0.0,0.0,0.0,0.0,0.0,0.0,0.0,0.0,0.0,1.0
20,2,0.0,0.0,0.0,0.0,0.0,0.0,0.0,0.0,0.0,0.0,1.0
20,3,0.0,0.0,0.0,1.0,1.0,1.0,0.0,0.0,0.0,0.0,3.466129741003243e-07
20,4,0.0,0.0,0.0,0.0,0.0,0.0,0.9154040404040404,0.9154040404040404,0.0,0.9262402088772846,0.999996626920721
20,5,1.0,1.0,1.0,0.0,0.0,0.0,0.8920454545454546,0.8920454545454546,0.0,0.9138381201044387,0.7558561726147075
20,6,0.0,0.0,0.0,0.0,0.0,0.0,0.6856060606060607,0.6856060606060608,0.0,0.7160574412532638,0.9999974736799326
20,7,0.0,0.0,0.0,0.0,0.0,0.0,0.6029040404040404,0.6029040404040404,0.0,0.6240208877284595,0.999997778420199
30,0,0.0,0.0,0.0,0.0,0.0,0.0,0.0,0.0,0.0,0.0,1.0
30,1,0.0,0.0,0.0,0.0,0.0,0.0,0.0,0.0,0.0,0.0,1.0
30,2,0.0,0.0,0.0,0.0,0.0,0.0,0.0,0.0,0.0,0.0,1.0
30,3,0.0,0.0,0.0,1.0,1.0,1.0,0.0,0.0,0.0,0.0,3.466129741003243e-07
30,4,0.0,0.0,0.0,0.0,0.0,0.0,0.8958333333333334,0.8958333333333334,0.0,0.9177545691906005,0.9999966990348295
30,5,1.0,1.0,1.0,0.0,0.0,0.0,0.8838383838383839,0.8838383838383839,0.0,0.9033942558746736,0.7558562028561076
30,6,0.0,0.0,0.0,0.0,0.0,0.0,0.6925505050505051,0.692550505050505,0.0,0.716710182767624,0.9999974480910558
30,7,0.0,0.0,0.0,0.0,0.0,0.0,0.6035353535353536,0.6035353535353536,0.0,0.6259791122715405,0.9999977760939376
40,0,0.0,0.0,0.0,0.0,0.0,0.0,0.0,0.0,0.0,0.0,1.0
40,1,0.0,0.0,0.0,0.0,0.0,0.0,0.0,0.0,0.0,0.0,1.0
40,2,0.0,0.0,0.0,0.0,0.0,0.0,0.0,0.0,0.0,0.0,1.0
40,3,0.0,0.0,0.0,1.0,1.0,1.0,0.0,0.0,0.0,0.0,3.466129741003243e-07
40,4,0.0,0.0,0.0,0.0,0.0,0.0,0.8876262626262627,0.8876262626262627,0.0,0.9040469973890339,0.99999672927623
40,5,1.0,1.0,1.0,0.0,0.0,0.0,0.8737373737373738,0.8737373737373738,0.0,0.8909921671018277,0.7558562400762932
40,6,0.0,0.0,0.0,0.0,0.0,0.0,0.6931818181818182,0.6931818181818183,0.0,0.7199738903394256,0.9999974457647944
40,7,0.0,0.0,0.0,0.0,0.0,0.0,0.6054292929292929,0.6054292929292929,0.0,0.6305483028720626,0.9999977691151525
50,0,0.0,0.0,0.0,0.0,0.0,0.0,0.0,0.0,0.0,0.0,1.0
50,1,0.0,0.0,0.0,0.0,0.0,0.0,0.0,0.0,0.0,0.0,1.0
50,2,0.0,0.0,0.0,0.0,0.0,0.0,0.0,0.0,0.0,0.0,1.0
50,3,0.0,0.0,0.0,1.0,1.0,1.0,0.0,0.0,0.0,0.0,3.466129741003243e-07
50,4,0.0,0.0,0.0,0.0,0.0,0.0,0.874368686868687,0.874368686868687,0.0,0.8955613577023499,0.999996778127723
50,5,1.0,1.0,1.0,0.0,0.0,0.0,0.8617424242424243,0.8617424242424242,0.0,0.8785900783289817,0.7558562842752627
50,6,0.0,0.0,0.0,0.0,0.0,0.0,0.6963383838383839,0.6963383838383839,0.0,0.7212793733681462,0.9999974341334861
50,7,0.0,0.0,0.0,0.0,0.0,0.0,0.6098484848484849,0.6098484848484849,0.0,0.6318537859007833,0.9999977528313218
60,0,0.0,0.0,0.0,0.0,0.0,0.0,0.0,0.0,0.0,0.0,1.0
60,1,0.0,0.0,0.0,0.0,0.0,0.0,0.0,0.0,0.0,0.0,1.0
60,2,0.0,0.0,0.0,0.0,0.0,0.0,0.0,0.0,0.0,0.0,1.0
60,3,0.0,0.0,0.0,1.0,1.0,1.0,0.0,0.0,0.0,0.0,3.466129741003243e-07
60,4,0.0,0.0,0.0,0.0,0.0,0.0,0.8661616161616162,0.8661616161616162,0.0,0.8825065274151436,0.9999968083691235
60,5,1.0,1.0,1.0,0.0,0.0,0.0,0.8497474747474748,0.8497474747474748,0.0,0.868798955613577,0.755856328474233
60,6,0.0,0.0,0.0,0.0,0.0,0.0,0.6976010101010102,0.69760101010101,0.0,0.7219321148825065,0.9999974294809633
60,7,0.0,0.0,0.0,0.0,0.0,0.0,0.6111111111111112,0.611111111111111,0.0,0.6338120104438643,0.9999977481787985
70,0,0.0,0.0,0.0,0.0,0.0,0.0,0.0,0.0,0.0,0.0,1.0
70,1,0.0,0.0,0.0,0.0,0.0,0.0,0.0,0.0,0.0,0.0,1.0
70,2,0.0,0.0,0.0,0.0,0.0,0.0,0.0,0.0,0.0,0.0,1.0
70,3,0.0,0.0,0.0,1.0,1.0,1.0,0.0,0.0,0.0,0.0,3.466129741003243e-07
70,4,0.0,0.0,0.0,0.0,0.0,0.0,0.8535353535353536,0.8535353535353536,0.0,0.8740208877284595,0.9999968548943552
70,5,1.0,1.0,1.0,0.0,0.0,0.0,0.8402777777777779,0.8402777777777778,0.0,0.8550913838120104,0.7558563633681563
70,6,0.0,0.0,0.0,0.0,0.0,0.0,0.6982323232323233,0.6982323232323232,0.0,0.7225848563968669,0.9999974271547014
70,7,0.0,0.0,0.0,0.0,0.0,0.0,0.6130050505050506,0.6130050505050505,0.0,0.6370757180156658,0.9999977412000138
80,0,0.0,0.0,0.0,0.0,0.0,0.0,0.0,0.0,0.0,0.0,1.0
80,1,0.0,0.0,0.0,0.0,0.0,0.0,0.0,0.0,0.0,0.0,1.0
80,2,0.0,0.0,0.0,0.0,0.0,0.0,0.0,0.0,0.0,0.0,1.0
80,3,0.0,0.0,0.0,1.0,1.0,1.0,0.0,0.0,0.0,0.0,3.466129741003243e-07
80,4,0.0,0.0,0.0,0.0,0.0,0.0,0.8453282828282829,0.8453282828282829,0.0,0.8648825065274152,0.9999968851357552
80,5,1.0,1.0,1.0,0.0,0.0,0.0,0.8270202020202021,0.8270202020202021,0.0,0.8426892950391645,0.7558564122196492
80,6,0.0,0.0,0.0,0.0,0.0,0.0,0.6988636363636365,0.6988636363636365,0.0,0.7238903394255874,0.99999742482844
80,7,0.0,0.0,0.0,0.0,0.0,0.0,0.6161616161616162,0.6161616161616162,0.0,0.6383812010443864,0.9999977295687059
90,0,0.0,0.0,0.0,0.0,0.0,0.0,0.0,0.0,0.0,0.0,1.0
90,1,0.0,0.0,0.0,0.0,0.0,0.0,0.0,0.0,0.0,0.0,1.0
90,2,0.0,0.0,0.0,0.0,0.0,0.0,0.0,0.0,0.0,0.0,1.0
90,3,0.0,0.0,0.0,1.0,1.0,0.0,0.0,0.0,0.0,0.0,3.466129741003243e-07
90,4,0.0,0.0,0.0,0.0,0.0,0.0,0.836489898989899,0.836489898989899,0.0,0.0,0.9999969177034171
90,5,1.0,1.0,0.0,0.0,0.0,0.0,0.8150252525252526,0.8150252525252526,0.0,0.0,0.755856456418619
90,6,0.0,0.0,0.0,0.0,0.0,0.0,0.7001262626262627,0.7001262626262627,0.0,0.0,0.9999974201759168
90,7,0.0,0.0,0.0,0.0,0.0,0.0,0.6174242424242424,0.6174242424242425,0.0,0.0,0.9999977249161827
0,0,0.0,0.0,0.0,0.0,0.0,0.0,0.0,0.0,0.0,0.0,1.0
0,1,0.0,0.0,0.0,0.0,0.0,0.0,0.0,0.0,0.0,0.0,1.0
0,2,0.0,0.0,0.0,0.0,0.0,0.0,0.0,0.0,0.0,0.0,1.0
0,3,0.0,0.0,0.0,1.0,1.0,1.0,0.0,0.0,0.0,0.0,3.466129741003243e-07
0,4,1.0,1.0,1.0,0.0,0.0,0.0,0.9614898989898991,0.961489898989899,0.0,0.7682767624020888,0.7558559167259344
0,5,0.0,0.0,0.0,0.0,0.0,0.0,0.8516414141414143,0.8516414141414141,0.0,0.8740208877284595,0.9999968618731399
0,6,0.0,0.0,0.0,0.0,0.0,0.0,0.7184343434343435,0.7184343434343434,0.0,0.6997389033942559,0.9999973527143311
0,7,0.0,0.0,0.0,0.0,0.0,0.0,0.625,0.625,0.0,0.6507832898172324,0.999997697001044
10,0,0.0,0.0,0.0,0.0,0.0,0.0,0.0,0.0,0.0,0.0,1.0
10,1,0.0,0.0,0.0,0.0,0.0,0.0,0.0,0.0,0.0,0.0,1.0
10,2,0.0,0.0,0.0,0.0,0.0,0.0,0.0,0.0,0.0,0.0,1.0
10,3,0.0,0.0,0.0,1.0,1.0,1.0,0.0,0.0,0.0,0.0,3.466129741003243e-07
10,4,1.0,1.0,1.0,0.0,0.0,0.0,0.7430555555555556,0.7430555555555556,0.0,0.70822454308094,0.7558567216124383
10,5,0.0,0.0,0.0,0.0,0.0,0.0,0.8453282828282829,0.8453282828282829,0.0,0.8648825065274152,0.9999968851357552
10,6,0.0,0.0,0.0,0.0,0.0,0.0,0.6767676767676768,0.6767676767676768,0.0,0.6755874673629243,0.999997506247595
10,7,0.0,0.0,0.0,0.0,0.0,0.0,0.6294191919191919,0.6294191919191919,0.0,0.6514360313315927,0.9999976807172128
20,0,0.0,0.0,0.0,0.0,0.0,0.0,0.0,0.0,0.0,0.0,1.0
20,1,0.0,0.0,0.0,0.0,0.0,0.0,0.0,0.0,0.0,0.0,1.0
20,2,0.0,0.0,0.0,0.0,0.0,0.0,0.0,0.0,0.0,0.0,1.0
20,3,0.0,0.0,0.0,1.0,1.0,1.0,0.0,0.0,0.0,0.0,3.466129741003243e-07
20,4,1.0,1.0,1.0,0.0,0.0,0.0,0.6849747474747475,0.6849747474747476,0.0,0.6618798955613577,0.7558569356285028
20,5,0.0,0.0,0.0,0.0,0.0,0.0,0.836489898989899,0.836489898989899,0.0,0.8537859007832899,0.9999969177034171
20,6,0.0,0.0,0.0,0.0,0.0,0.0,0.6534090909090909,0.6534090909090909,0.0,0.6546997389033943,0.9999975923192732
20,7,0.0,0.0,0.0,0.0,0.0,0.0,0.6300505050505051,0.6300505050505051,0.0,0.6546997389033943,0.9999976783909514
30,0,0.0,0.0,0.0,0.0,0.0,0.0,0.0,0.0,0.0,0.0,1.0
30,1,0.0,0.0,0.0,0.0,0.0,0.0,0.0,0.0,0.0,0.0,1.0
30,2,0.0,0.0,0.0,0.0,0.0,0.0,0.0,0.0,0.0,0.0,1.0
30,3,0.0,0.0,0.0,1.0,1.0,1.0,0.0,0.0,0.0,0.0,3.466129741003243e-07
30,4,1.0,1.0,1.0,0.0,0.0,0.0,0.6401515151515152,0.6401515151515152,0.0,0.6214099216710183,0.7558571007930748
30,5,0.0,0.0,0.0,0.0,0.0,0.0,0.8257575757575758,0.8257575757575758,0.0,0.8446475195822455,0.9999969572498641
30,6,0.0,0.0,0.0,0.0,0.0,0.0,0.6332070707070707,0.6332070707070707,0.0,0.6351174934725848,0.9999976667596435
30,7,0.0,0.0,0.0,0.0,0.0,0.0,0.6332070707070707,0.6332070707070707,0.0,0.6553524804177546,0.9999976667596435
40,0,0.0,0.0,0.0,0.0,0.0,0.0,0.0,0.0,0.0,0.0,1.0
40,1,0.0,0.0,0.0,0.0,0.0,0.0,0.0,0.0,0.0,0.0,1.0
40,2,0.0,0.0,0.0,0.0,0.0,0.0,0.0,0.0,0.0,0.0,1.0
40,3,0.0,0.0,0.0,1.0,1.0,1.0,0.0,0.0,0.0,0.0,3.466129741003243e-07
40,4,1.0,1.0,1.0,0.0,0.0,0.0,0.6010101010101011,0.6010101010101011,0.0,0.5887728459530026,0.7558572450212917
40,5,0.0,0.0,0.0,0.0,0.0,0.0,0.8169191919191919,0.8169191919191919,0.0,0.8342036553524804,0.999996989817526
40,6,0.0,0.0,0.0,0.0,0.0,0.0,0.6142676767676768,0.6142676767676768,0.0,0.622715404699739,0.999997736547491
40,7,0.0,0.0,0.0,0.0,0.0,0.0,0.6338383838383839,0.633838383838384,0.0,0.6566579634464752,0.9999976644333821
50,0,0.0,0.0,0.0,0.0,0.0,0.0,0.0,0.0,0.0,0.0,1.0
50,1,0.0,0.0,0.0,0.0,0.0,0.0,0.0,0.0,0.0,0.0,1.0
50,2,0.0,0.0,0.0,0.0,0.0,0.0,0.0,0.0,0.0,0.0,1.0
50,3,0.0,0.0,0.0,1.0,1.0,1.0,0.0,0.0,0.0,0.0,3.466129741003243e-07
50,4,1.0,1.0,1.0,0.0,0.0,0.0,0.5694444444444445,0.5694444444444445,0.0,0.5593994778067886,0.7558573613343704
50,5,0.0,0.0,0.0,0.0,0.0,0.0,0.8068181818181819,0.806818181818182,0.0,0.8283289817232377,0.9999970270377112
50,6,0.0,0.0,0.0,0.0,0.0,0.0,0.6022727272727273,0.6022727272727273,0.0,0.6057441253263708,0.9999977807464604
50,7,0.0,0.0,0.0,0.0,0.0,0.0,0.6351010101010102,0.63510101010101,0.0,0.6618798955613577,0.9999976597808589
60,0,0.0,0.0,0.0,0.0,0.0,0.0,0.0,0.0,0.0,0.0,1.0
60,1,0.0,0.0,0.0,0.0,0.0,0.0,0.0,0.0,0.0,0.0,1.0
60,2,0.0,0.0,0.0,0.0,0.0,0.0,0.0,0.0,0.0,0.0,1.0
60,3,0.0,0.0,0.0,1.0,1.0,1.0,0.0,0.0,0.0,0.0,3.466129741003243e-07
60,4,1.0,1.0,1.0,0.0,0.0,0.0,0.5410353535353536,0.5410353535353536,0.0,0.5378590078328982,0.7558574660161412
60,5,0.0,0.0,0.0,0.0,0.0,0.0,0.8011363636363638,0.8011363636363636,0.0,0.8191906005221932,0.9999970479740656
60,6,0.0,0.0,0.0,0.0,0.0,0.0,0.5858585858585859,0.5858585858585859,0.0,0.5953002610966057,0.9999978412292609
60,7,0.0,0.0,0.0,0.0,0.0,0.0,0.6401515151515152,0.6401515151515152,0.0,0.6625326370757181,0.9999976411707663
70,0,0.0,0.0,0.0,0.0,0.0,0.0,0.0,0.0,0.0,0.0,1.0
70,1,0.0,0.0,0.0,0.0,0.0,0.0,0.0,0.0,0.0,0.0,1.0
70,2,0.0,0.0,0.0,0.0,0.0,0.0,0.0,0.0,0.0,0.0,1.0
70,3,0.0,0.0,0.0,1.0,1.0,1.0,0.0,0.0,0.0,0.0,3.466129741003243e-07
70,4,1.0,1.0,1.0,0.0,0.0,0.0,0.5202020202020202,0.5202020202020202,0.0,0.5241514360313316,0.755857542782773
70,5,0.0,0.0,0.0,0.0,0.0,0.0,0.7922979797979799,0.7922979797979798,0.0,0.8172323759791122,0.999997080541728
70,6,0.0,0.0,0.0,0.0,0.0,0.0,0.5757575757575758,0.5757575757575758,0.0,0.585509138381201,0.9999978784494461
70,7,0.0,0.0,0.0,0.0,0.0,0.0,0.6407828282828283,0.6407828282828283,0.0,0.660574412532637,0.9999976388445044
80,0,0.0,0.0,0.0,0.0,0.0,0.0,0.0,0.0,0.0,0.0,1.0
80,1,0.0,0.0,0.0,0.0,0.0,0.0,0.0,0.0,0.0,0.0,1.0
80,2,0.0,0.0,0.0,0.0,0.0,0.0,0.0,0.0,0.0,0.0,1.0
80,3,0.0,0.0,0.0,1.0,1.0,1.0,0.0,0.0,0.0,0.0,3.466129741003243e-07
80,4,1.0,1.0,1.0,0.0,0.0,0.0,0.5069444444444445,0.5069444444444445,0.0,0.5065274151436031,0.7558575916342658
80,5,0.0,0.0,0.0,0.0,0.0,0.0,0.7904040404040404,0.7904040404040404,0.0,0.8048302872062664,0.9999970875205122
80,6,0.0,0.0,0.0,0.0,0.0,0.0,0.5662878787878788,0.5662878787878789,0.0,0.5796344647519582,0.9999979133433698
80,7,0.0,0.0,0.0,0.0,0.0,0.0,0.638888888888889,0.638888888888889,0.0,0.6638381201044387,0.9999976458232891
90,0,0.0,0.0,0.0,0.0,0.0,0.0,0.0,0.0,0.0,0.0,1.0
90,1,0.0,0.0,0.0,0.0,0.0,0.0,0.0,0.0,0.0,0.0,1.0
90,2,0.0,0.0,0.0,0.0,0.0,0.0,0.0,0.0,0.0,0.0,1.0
90,3,0.0,0.0,0.0,1.0,1.0,0.0,0.0,0.0,0.0,0.0,3.466129741003243e-07
90,4,1.0,1.0,0.0,0.0,0.0,0.0,0.48989898989898994,0.4898989898989899,0.0,0.0,0.7558576544433284
90,5,0.0,0.0,0.0,0.0,0.0,0.0,0.7784090909090909,0.7784090909090909,0.0,0.0,0.999997131719482
90,6,0.0,0.0,0.0,0.0,0.0,0.0,0.5606060606060607,0.5606060606060607,0.0,0.0,0.9999979342797243
90,7,0.0,0.0,0.0,0.0,0.0,0.0,0.6420454545454546,0.6420454545454546,0.0,0.0,0.9999976341919816
0,0,0.0,0.0,0.0,0.0,0.0,0.0,0.9343434343434345,0.9343434343434344,0.0,0.9471279373368147,0.9999965571328735
0,1,1.0,1.0,1.0,0.0,0.0,0.0,0.9318181818181819,0.9318181818181819,0.0,0.945822454308094,0.7558560260602285
0,2,0.0,0.0,0.0,0.0,0.0,0.0,0.6193181818181819,0.6193181818181819,0.0,0.641644908616188,0.999997717937398
0,3,0.0,0.0,0.0,0.0,0.0,0.0,0.6710858585858587,0.6710858585858586,0.0,0.6964751958224543,0.9999975271839494
0,4,0.0,0.0,0.0,0.0,0.0,0.0,0.0,0.0,0.0,0.0,1.0
0,5,0.0,0.0,0.0,0.0,0.0,0.0,0.0,0.0,0.0,0.0,1.0
0,6,0.0,0.0,0.0,0.0,0.0,0.0,0.0,0.0,0.0,0.0,1.0
0,7,0.0,0.0,0.0,0.0,0.0,0.0,0.0,0.0,0.0,0.0,1.0
10,0,0.0,0.0,0.0,0.0,0.0,0.0,0.9160353535353536,0.9160353535353536,0.0,0.9373368146214099,0.9999966245944591
10,1,1.0,1.0,1.0,0.0,0.0,0.0,0.9147727272727274,0.9147727272727273,0.0,0.935378590078329,0.7558560888692907
10,2,0.0,0.0,0.0,0.0,0.0,0.0,0.6205808080808082,0.6205808080808083,0.0,0.6442558746736292,0.9999977132848747
10,3,0.0,0.0,0.0,0.0,0.0,0.0,0.6736111111111112,0.673611111111111,0.0,0.6990861618798956,0.9999975178789029
10,4,0.0,0.0,0.0,0.0,0.0,0.0,0.0,0.0,0.0,0.0,1.0
10,5,0.0,0.0,0.0,0.0,0.0,0.0,0.0,0.0,0.0,0.0,1.0
10,6,0.0,0.0,0.0,0.0,0.0,0.0,0.0,0.0,0.0,0.0,1.0
10,7,0.0,0.0,0.0,0.0,0.0,0.0,0.0,0.0,0.0,0.0,1.0
20,0,0.0,0.0,0.0,0.0,0.0,0.0,0.9065656565656567,0.9065656565656566,0.0,0.9236292428198434,0.9999966594883829
20,1,1.0,1.0,1.0,0.0,0.0,0.0,0.9046717171717172,0.9046717171717171,0.0,0.924934725848564,0.7558561260894758
20,2,0.0,0.0,0.0,0.0,0.0,0.0,0.6231060606060607,0.6231060606060607,0.0,0.6468668407310705,0.9999977039798287
20,3,0.0,0.0,0.0,0.0,0.0,0.0,0.6761363636363636,0.6761363636363636,0.0,0.7003916449086162,0.9999975085738564
20,4,0.0,0.0,0.0,0.0,0.0,0.0,0.0,0.0,0.0,0.0,1.0
20,5,0.0,0.0,0.0,0.0,0.0,0.0,0.0,0.0,0.0,0.0,1.0
20,6,0.0,0.0,0.0,0.0,0.0,0.0,0.0,0.0,0.0,0.0,1.0
20,7,0.0,0.0,0.0,0.0,0.0,0.0,0.0,0.0,0.0,0.0,1.0
30,0,0.0,0.0,0.0,0.0,0.0,0.0,0.8933080808080809,0.8933080808080809,0.0,0.910574412532637,0.999996708339876
30,1,1.0,1.0,1.0,0.0,0.0,0.0,0.8945707070707072,0.8945707070707071,0.0,0.9164490861618799,0.755856163309661
30,2,0.0,0.0,0.0,0.0,0.0,0.0,0.6256313131313131,0.6256313131313133,0.0,0.6481723237597912,0.9999976946747822
30,3,0.0,0.0,0.0,0.0,0.0,0.0,0.67739898989899,0.6773989898989898,0.0,0.7016971279373369,0.9999975039213331
30,4,0.0,0.0,0.0,0.0,0.0,0.0,0.0,0.0,0.0,0.0,1.0
30,5,0.0,0.0,0.0,0.0,0.0,0.0,0.0,0.0,0.0,0.0,1.0
30,6,0.0,0.0,0.0,0.0,0.0,0.0,0.0,0.0,0.0,0.0,1.0
30,7,0.0,0.0,0.0,0.0,0.0,0.0,0.0,0.0,0.0,0.0,1.0
40,0,0.0,0.0,0.0,0.0,0.0,0.0,0.8806818181818182,0.8806818181818182,0.0,0.9007832898172324,0.9999967548651076
40,1,1.0,1.0,1.0,0.0,0.0,0.0,0.8863636363636365,0.8863636363636365,0.0,0.9060052219321149,0.7558561935510615
40,2,0.0,0.0,0.0,0.0,0.0,0.0,0.6268939393939394,0.6268939393939394,0.0,0.6501305483028721,0.9999976900222589
40,3,0.0,0.0,0.0,0.0,0.0,0.0,0.6786616161616162,0.6786616161616162,0.0,0.7036553524804178,0.9999974992688103
40,4,0.0,0.0,0.0,0.0,0.0,0.0,0.0,0.0,0.0,0.0,1.0
40,5,0.0,0.0,0.0,0.0,0.0,0.0,0.0,0.0,0.0,0.0,1.0
40,6,0.0,0.0,0.0,0.0,0.0,0.0,0.0,0.0,0.0,0.0,1.0
40,7,0.0,0.0,0.0,0.0,0.0,0.0,0.0,0.0,0.0,0.0,1.0
50,0,0.0,0.0,0.0,0.0,0.0,0.0,0.8712121212121213,0.8712121212121212,0.0,0.8909921671018277,0.999996789759031
50,1,1.0,1.0,1.0,0.0,0.0,0.0,0.8762626262626263,0.8762626262626263,0.0,0.893603133159269,0.7558562307712466
50,2,0.0,0.0,0.0,0.0,0.0,0.0,0.6287878787878789,0.6287878787878789,0.0,0.6507832898172324,0.9999976830434743
50,3,0.0,0.0,0.0,0.0,0.0,0.0,0.6805555555555556,0.6805555555555557,0.0,0.7056135770234987,0.9999974922900257
50,4,0.0,0.0,0.0,0.0,0.0,0.0,0.0,0.0,0.0,0.0,1.0
50,5,0.0,0.0,0.0,0.0,0.0,0.0,0.0,0.0,0.0,0.0,1.0
50,6,0.0,0.0,0.0,0.0,0.0,0.0,0.0,0.0,0.0,0.0,1.0
50,7,0.0,0.0,0.0,0.0,0.0,0.0,0.0,0.0,0.0,0.0,1.0
60,0,0.0,0.0,0.0,0.0,0.0,0.0,0.8617424242424243,0.8617424242424242,0.0,0.8805483028720626,0.9999968246529547
60,1,1.0,1.0,1.0,0.0,0.0,0.0,0.8642676767676768,0.8642676767676768,0.0,0.8792428198433421,0.7558562749702165
60,2,0.0,0.0,0.0,0.0,0.0,0.0,0.6294191919191919,0.6294191919191919,0.0,0.6527415143603134,0.9999976807172128
60,3,0.0,0.0,0.0,0.0,0.0,0.0,0.682449494949495,0.682449494949495,0.0,0.7095300261096605,0.999997485311241
60,4,0.0,0.0,0.0,0.0,0.0,0.0,0.0,0.0,0.0,0.0,1.0
60,5,0.0,0.0,0.0,0.0,0.0,0.0,0.0,0.0,0.0,0.0,1.0
60,6,0.0,0.0,0.0,0.0,0.0,0.0,0.0,0.0,0.0,0.0,1.0
60,7,0.0,0.0,0.0,0.0,0.0,0.0,0.0,0.0,0.0,0.0,1.0
70,0,0.0,0.0,0.0,0.0,0.0,0.0,0.8516414141414143,0.8516414141414141,0.0,0.8642297650130548,0.9999968618731399
70,1,1.0,1.0,1.0,0.0,0.0,0.0,0.850378787878788,0.850378787878788,0.0,0.8707571801566579,0.7558563261479716
70,2,0.0,0.0,0.0,0.0,0.0,0.0,0.6313131313131314,0.6313131313131314,0.0,0.6540469973890339,0.9999976737384282
70,3,0.0,0.0,0.0,0.0,0.0,0.0,0.6862373737373738,0.6862373737373738,0.0,0.7108355091383812,0.9999974713536712
70,4,0.0,0.0,0.0,0.0,0.0,0.0,0.0,0.0,0.0,0.0,1.0
70,5,0.0,0.0,0.0,0.0,0.0,0.0,0.0,0.0,0.0,0.0,1.0
70,6,0.0,0.0,0.0,0.0,0.0,0.0,0.0,0.0,0.0,0.0,1.0
70,7,0.0,0.0,0.0,0.0,0.0,0.0,0.0,0.0,0.0,0.0,1.0
80,0,0.0,0.0,0.0,0.0,0.0,0.0,0.835858585858586,0.8358585858585859,0.0,0.8492167101827677,0.999996920029679
80,1,1.0,1.0,1.0,0.0,0.0,0.0,0.8421717171717172,0.8421717171717171,0.0,0.8563968668407311,0.7558563563893717
80,2,0.0,0.0,0.0,0.0,0.0,0.0,0.6325757575757577,0.6325757575757576,0.0,0.6560052219321149,0.9999976690859049
80,3,0.0,0.0,0.0,0.0,0.0,0.0,0.6875000000000001,0.6875,0.0,0.7121409921671018,0.9999974667011484
80,4,0.0,0.0,0.0,0.0,0.0,0.0,0.0,0.0,0.0,0.0,1.0
80,5,0.0,0.0,0.0,0.0,0.0,0.0,0.0,0.0,0.0,0.0,1.0
80,6,0.0,0.0,0.0,0.0,0.0,0.0,0.0,0.0,0.0,0.0,1.0
80,7,0.0,0.0,0.0,0.0,0.0,0.0,0.0,0.0,0.0,0.0,1.0
90,0,0.0,0.0,0.0,0.0,0.0,0.0,0.8213383838383839,0.8213383838383839,0.0,0.0,0.9999969735336953
90,1,1.0,1.0,0.0,0.0,0.0,0.0,0.8282828282828284,0.8282828282828284,0.0,0.0,0.7558564075671261
90,2,0.0,0.0,0.0,0.0,0.0,0.0,0.634469696969697,0.6344696969696969,0.0,0.0,0.9999976621071207
90,3,0.0,0.0,0.0,0.0,0.0,0.0,0.6887626262626263,0.6887626262626263,0.0,0.0,0.9999974620486252
90,4,0.0,0.0,0.0,0.0,0.0,0.0,0.0,0.0,0.0,0.0,1.0
90,5,0.0,0.0,0.0,0.0,0.0,0.0,0.0,0.0,0.0,0.0,1.0
90,6,0.0,0.0,0.0,0.0,0.0,0.0,0.0,0.0,0.0,0.0,1.0
90,7,0.0,0.0,0.0,0.0,0.0,0.0,0.0,0.0,0.0,0.0,1.0
0,0,0.0,0.0,0.0,0.0,0.0,0.0,0.0,0.0,0.0,0.0,1.0
0,1,0.0,0.0,0.0,0.0,0.0,0.0,0.0,0.0,0.0,0.0,1.0
0,2,0.0,0.0,0.0,0.0,0.0,0.0,0.0,0.0,0.0,0.0,1.0
0,3,0.0,0.0,0.0,1.0,1.0,1.0,0.0,0.0,0.0,0.0,3.466129741003243e-07
0,4,0.0,0.0,0.0,0.0,0.0,0.0,0.8750000000000001,0.875,0.0,0.9040469973890339,0.9999967758014612
0,5,1.0,1.0,1.0,0.0,0.0,0.0,0.912878787878788,0.912878787878788,0.0,0.9406005221932116,0.7558560958480753
0,6,0.0,0.0,0.0,0.0,0.0,0.0,0.682449494949495,0.682449494949495,0.0,0.706266318537859,0.999997485311241
0,7,0.0,0.0,0.0,0.0,0.0,0.0,0.6862373737373738,0.6862373737373738,0.0,0.7127937336814621,0.9999974713536712
10,0,0.0,0.0,0.0,0.0,0.0,0.0,0.0,0.0,0.0,0.0,1.0
10,1,0.0,0.0,0.0,0.0,0.0,0.0,0.0,0.0,0.0,0.0,1.0
10,2,0.0,0.0,0.0,0.0,0.0,0.0,0.0,0.0,0.0,0.0,1.0
10,3,0.0,0.0,0.0,1.0,1.0,1.0,0.0,0.0,0.0,0.0,3.466129741003243e-07
10,4,0.0,0.0,0.0,0.0,0.0,0.0,0.874368686868687,0.874368686868687,0.0,0.8955613577023499,0.999996778127723
10,5,1.0,1.0,1.0,0.0,0.0,0.0,0.9097222222222223,0.9097222222222223,0.0,0.9314621409921671,0.7558561074793835
10,6,0.0,0.0,0.0,0.0,0.0,0.0,0.6830808080808082,0.6830808080808083,0.0,0.7095300261096605,0.9999974829849796
10,7,0.0,0.0,0.0,0.0,0.0,0.0,0.6893939393939394,0.6893939393939394,0.0,0.7154046997389034,0.9999974597223638
20,0,0.0,0.0,0.0,0.0,0.0,0.0,0.0,0.0,0.0,0.0,1.0
20,1,0.0,0.0,0.0,0.0,0.0,0.0,0.0,0.0,0.0,0.0,1.0
20,2,0.0,0.0,0.0,0.0,0.0,0.0,0.0,0.0,0.0,0.0,1.0
20,3,0.0,0.0,0.0,1.0,1.0,1.0,0.0,0.0,0.0,0.0,3.466129741003243e-07
20,4,0.0,0.0,0.0,0.0,0.0,0.0,0.8661616161616162,0.8661616161616162,0.0,0.8864229765013055,0.9999968083691235
20,5,1.0,1.0,1.0,0.0,0.0,0.0,0.9008838383838385,0.9008838383838383,0.0,0.9157963446475196,0.7558561400470454
20,6,0.0,0.0,0.0,0.0,0.0,0.0,0.6862373737373738,0.6862373737373738,0.0,0.7108355091383812,0.9999974713536712
20,7,0.0,0.0,0.0,0.0,0.0,0.0,0.6919191919191919,0.6919191919191918,0.0,0.7186684073107049,0.9999974504173172
30,0,0.0,0.0,0.0,0.0,0.0,0.0,0.0,0.0,0.0,0.0,1.0
30,1,0.0,0.0,0.0,0.0,0.0,0.0,0.0,0.0,0.0,0.0,1.0
30,2,0.0,0.0,0.0,0.0,0.0,0.0,0.0,0.0,0.0,0.0,1.0
30,3,0.0,0.0,0.0,1.0,1.0,1.0,0.0,0.0,0.0,0.0,3.466129741003243e-07
30,4,0.0,0.0,0.0,0.0,0.0,0.0,0.8573232323232324,0.8573232323232324,0.0,0.8733681462140992,0.9999968409367854
30,5,1.0,1.0,1.0,0.0,0.0,0.0,0.8857323232323233,0.8857323232323232,0.0,0.8994778067885117,0.7558561958773233
30,6,0.0,0.0,0.0,0.0,0.0,0.0,0.6875000000000001,0.6875,0.0,0.7127937336814621,0.9999974667011484
30,7,0.0,0.0,0.0,0.0,0.0,0.0,0.6950757575757577,0.6950757575757576,0.0,0.7212793733681462,0.9999974387860093
40,0,0.0,0.0,0.0,0.0,0.0,0.0,0.0,0.0,0.0,0.0,1.0
40,1,0.0,0.0,0.0,0.0,0.0,0.0,0.0,0.0,0.0,0.0,1.0
40,2,0.0,0.0,0.0,0.0,0.0,0.0,0.0,0.0,0.0,0.0,1.0
40,3,0.0,0.0,0.0,1.0,1.0,1.0,0.0,0.0,0.0,0.0,3.466129741003243e-07
40,4,0.0,0.0,0.0,0.0,0.0,0.0,0.8446969696969697,0.8446969696969698,0.0,0.8616187989556136,0.9999968874620166
40,5,1.0,1.0,1.0,0.0,0.0,0.0,0.869949494949495,0.869949494949495,0.0,0.8864229765013055,0.7558562540338623
40,6,0.0,0.0,0.0,0.0,0.0,0.0,0.6893939393939394,0.6893939393939394,0.0,0.716710182767624,0.9999974597223638
40,7,0.0,0.0,0.0,0.0,0.0,0.0,0.6976010101010102,0.69760101010101,0.0,0.7245430809399478,0.9999974294809633
50,0,0.0,0.0,0.0,0.0,0.0,0.0,0.0,0.0,0.0,0.0,1.0
50,1,0.0,0.0,0.0,0.0,0.0,0.0,0.0,0.0,0.0,0.0,1.0
50,2,0.0,0.0,0.0,0.0,0.0,0.0,0.0,0.0,0.0,0.0,1.0
50,3,0.0,0.0,0.0,1.0,1.0,1.0,0.0,0.0,0.0,0.0,3.466129741003243e-07
50,4,0.0,0.0,0.0,0.0,0.0,0.0,0.8333333333333334,0.8333333333333334,0.0,0.8518276762402089,0.9999969293347255
50,5,1.0,1.0,1.0,0.0,0.0,0.0,0.8573232323232324,0.8573232323232324,0.0,0.8746736292428199,0.7558563005590939
50,6,0.0,0.0,0.0,0.0,0.0,0.0,0.6931818181818182,0.6931818181818183,0.0,0.7180156657963447,0.9999974457647944
50,7,0.0,0.0,0.0,0.0,0.0,0.0,0.7007575757575758,0.7007575757575758,0.0,0.7265013054830287,0.9999974178496553
60,0,0.0,0.0,0.0,0.0,0.0,0.0,0.0,0.0,0.0,0.0,1.0
60,1,0.0,0.0,0.0,0.0,0.0,0.0,0.0,0.0,0.0,0.0,1.0
60,2,0.0,0.0,0.0,0.0,0.0,0.0,0.0,0.0,0.0,0.0,1.0
60,3,0.0,0.0,0.0,1.0,1.0,1.0,0.0,0.0,0.0,0.0,3.466129741003243e-07
60,4,0.0,0.0,0.0,0.0,0.0,0.0,0.8238636363636365,0.8238636363636365,0.0,0.8413838120104439,0.9999969642286488
60,5,1.0,1.0,1.0,0.0,0.0,0.0,0.845959595959596,0.845959595959596,0.0,0.8648825065274152,0.7558563424318021
60,6,0.0,0.0,0.0,0.0,0.0,0.0,0.6944444444444445,0.6944444444444444,0.0,0.7199738903394256,0.9999974411122712
60,7,0.0,0.0,0.0,0.0,0.0,0.0,0.7026515151515152,0.7026515151515152,0.0,0.7271540469973891,0.9999974108708707
70,0,0.0,0.0,0.0,0.0,0.0,0.0,0.0,0.0,0.0,0.0,1.0
70,1,0.0,0.0,0.0,0.0,0.0,0.0,0.0,0.0,0.0,0.0,1.0
70,2,0.0,0.0,0.0,0.0,0.0,0.0,0.0,0.0,0.0,0.0,1.0
70,3,0.0,0.0,0.0,1.0,1.0,1.0,0.0,0.0,0.0,0.0,3.466129741003243e-07
70,4,0.0,0.0,0.0,0.0,0.0,0.0,0.8137626262626263,0.8137626262626263,0.0,0.8296344647519582,0.9999970014488344
70,5,1.0,1.0,1.0,0.0,0.0,0.0,0.836489898989899,0.836489898989899,0.0,0.8577023498694517,0.7558563773257259
70,6,0.0,0.0,0.0,0.0,0.0,0.0,0.6963383838383839,0.6963383838383839,0.0,0.7251958224543081,0.9999974341334861
70,7,0.0,0.0,0.0,0.0,0.0,0.0,0.7032828282828283,0.7032828282828283,0.0,0.7278067885117494,0.9999974085446097
80,0,0.0,0.0,0.0,0.0,0.0,0.0,0.0,0.0,0.0,0.0,1.0
80,1,0.0,0.0,0.0,0.0,0.0,0.0,0.0,0.0,0.0,0.0,1.0
80,2,0.0,0.0,0.0,0.0,0.0,0.0,0.0,0.0,0.0,0.0,1.0
80,3,0.0,0.0,0.0,1.0,1.0,1.0,0.0,0.0,0.0,0.0,3.466129741003243e-07
80,4,0.0,0.0,0.0,0.0,0.0,0.0,0.80239898989899,0.8023989898989898,0.0,0.8204960835509139,0.9999970433215424
80,5,1.0,1.0,1.0,0.0,0.0,0.0,0.8295454545454546,0.8295454545454546,0.0,0.8472584856396866,0.7558564029146029
80,6,0.0,0.0,0.0,0.0,0.0,0.0,0.701388888888889,0.701388888888889,0.0,0.7278067885117494,0.9999974155233939
80,7,0.0,0.0,0.0,0.0,0.0,0.0,0.7039141414141414,0.7039141414141414,0.0,0.7297650130548303,0.9999974062183474
90,0,0.0,0.0,0.0,0.0,0.0,0.0,0.0,0.0,0.0,0.0,1.0
90,1,0.0,0.0,0.0,0.0,0.0,0.0,0.0,0.0,0.0,0.0,1.0
90,2,0.0,0.0,0.0,0.0,0.0,0.0,0.0,0.0,0.0,0.0,1.0
90,3,0.0,0.0,0.0,1.0,1.0,0.0,0.0,0.0,0.0,0.0,3.466129741003243e-07
90,4,0.0,0.0,0.0,0.0,0.0,0.0,0.7935606060606061,0.7935606060606061,0.0,0.0,0.9999970758892043
90,5,1.0,1.0,0.0,0.0,0.0,0.0,0.8194444444444445,0.8194444444444444,0.0,0.0,0.755856440134788
90,6,0.0,0.0,0.0,0.0,0.0,0.0,0.7039141414141414,0.7039141414141414,0.0,0.0,0.9999974062183474
90,7,0.0,0.0,0.0,0.0,0.0,0.0,0.7058080808080809,0.7058080808080809,0.0,0.0,0.9999973992395628
0,0,0.0,0.0,0.0,0.0,0.0,0.0,0.0,0.0,0.0,0.0,1.0
0,1,0.0,0.0,0.0,0.0,0.0,0.0,0.0,0.0,0.0,0.0,1.0
0,2,0.0,0.0,0.0,0.0,0.0,0.0,0.0,0.0,0.0,0.0,1.0
0,3,0.0,0.0,0.0,1.0,1.0,1.0,0.0,0.0,0.0,0.0,3.466129741003243e-07
0,4,1.0,1.0,1.0,0.0,0.0,0.0,0.9835858585858587,0.9835858585858587,0.0,1.0,0.7558558353067797
0,5,0.0,0.0,0.0,0.0,0.0,0.0,0.893939393939394,0.893939393939394,0.0,0.9131853785900783,0.9999967060136141
0,6,0.0,0.0,0.0,0.0,0.0,0.0,0.682449494949495,0.682449494949495,0.0,0.7056135770234987,0.999997485311241
0,7,0.0,0.0,0.0,0.0,0.0,0.0,0.5965909090909092,0.5965909090909092,0.0,0.6181462140992168,0.9999978016828144
10,0,0.0,0.0,0.0,0.0,0.0,0.0,0.0,0.0,0.0,0.0,1.0
10,1,0.0,0.0,0.0,0.0,0.0,0.0,0.0,0.0,0.0,0.0,1.0
10,2,0.0,0.0,0.0,0.0,0.0,0.0,0.0,0.0,0.0,0.0,1.0
10,3,0.0,0.0,0.0,1.0,1.0,1.0,0.0,0.0,0.0,0.0,3.466129741003243e-07
10,4,1.0,1.0,1.0,0.0,0.0,0.0,0.9671717171717172,0.9671717171717171,0.0,0.987597911227154,0.7558558957895805
10,5,0.0,0.0,0.0,0.0,0.0,0.0,0.8832070707070708,0.8832070707070707,0.0,0.9014360313315927,0.9999967455600611
10,6,0.0,0.0,0.0,0.0,0.0,0.0,0.682449494949495,0.682449494949495,0.0,0.70822454308094,0.999997485311241
10,7,0.0,0.0,0.0,0.0,0.0,0.0,0.5978535353535354,0.5978535353535354,0.0,0.6220626631853786,0.9999977970302916
20,0,0.0,0.0,0.0,0.0,0.0,0.0,0.0,0.0,0.0,0.0,1.0
20,1,0.0,0.0,0.0,0.0,0.0,0.0,0.0,0.0,0.0,0.0,1.0
20,2,0.0,0.0,0.0,0.0,0.0,0.0,0.0,0.0,0.0,0.0,1.0
20,3,0.0,0.0,0.0,1.0,1.0,1.0,0.0,0.0,0.0,0.0,3.466129741003243e-07
20,4,1.0,1.0,1.0,0.0,0.0,0.0,0.9551767676767677,0.9551767676767677,0.0,0.8524804177545692,0.75585593998855
20,5,0.0,0.0,0.0,0.0,0.0,0.0,0.8718434343434344,0.8718434343434344,0.0,0.8929503916449086,0.9999967874327695
20,6,0.0,0.0,0.0,0.0,0.0,0.0,0.6849747474747475,0.6849747474747476,0.0,0.695822454308094,0.9999974760061945
20,7,0.0,0.0,0.0,0.0,0.0,0.0,0.6016414141414141,0.6016414141414141,0.0,0.6259791122715405,0.9999977830727222
30,0,0.0,0.0,0.0,0.0,0.0,0.0,0.0,0.0,0.0,0.0,1.0
30,1,0.0,0.0,0.0,0.0,0.0,0.0,0.0,0.0,0.0,0.0,1.0
30,2,0.0,0.0,0.0,0.0,0.0,0.0,0.0,0.0,0.0,0.0,1.0
30,3,0.0,0.0,0.0,1.0,1.0,1.0,0.0,0.0,0.0,0.0,3.466129741003243e-07
30,4,1.0,1.0,1.0,0.0,0.0,0.0,0.8244949494949496,0.8244949494949496,0.0,0.7728459530026109,0.7558564215246957
30,5,0.0,0.0,0.0,0.0,0.0,0.0,0.8636363636363638,0.8636363636363636,0.0,0.8779373368146214,0.99999681767417
30,6,0.0,0.0,0.0,0.0,0.0,0.0,0.672979797979798,0.672979797979798,0.0,0.6631853785900783,0.9999975202051647
30,7,0.0,0.0,0.0,0.0,0.0,0.0,0.6054292929292929,0.6054292929292929,0.0,0.6292428198433421,0.9999977691151525
40,0,0.0,0.0,0.0,0.0,0.0,0.0,0.0,0.0,0.0,0.0,1.0
40,1,0.0,0.0,0.0,0.0,0.0,0.0,0.0,0.0,0.0,0.0,1.0
40,2,0.0,0.0,0.0,0.0,0.0,0.0,0.0,0.0,0.0,0.0,1.0
40,3,0.0,0.0,0.0,1.0,1.0,1.0,0.0,0.0,0.0,0.0,3.466129741003243e-07
40,4,1.0,1.0,1.0,0.0,0.0,0.0,0.7474747474747475,0.7474747474747476,0.0,0.7186684073107049,0.7558567053286076
40,5,0.0,0.0,0.0,0.0,0.0,0.0,0.8491161616161617,0.8491161616161617,0.0,0.868798955613577,0.9999968711781859
40,6,0.0,0.0,0.0,0.0,0.0,0.0,0.6414141414141414,0.6414141414141414,0.0,0.6233681462140992,0.999997636518243
40,7,0.0,0.0,0.0,0.0,0.0,0.0,0.6085858585858587,0.6085858585858586,0.0,0.6305483028720626,0.9999977574838446
50,0,0.0,0.0,0.0,0.0,0.0,0.0,0.0,0.0,0.0,0.0,1.0
50,1,0.0,0.0,0.0,0.0,0.0,0.0,0.0,0.0,0.0,0.0,1.0
50,2,0.0,0.0,0.0,0.0,0.0,0.0,0.0,0.0,0.0,0.0,1.0
50,3,0.0,0.0,0.0,1.0,1.0,1.0,0.0,0.0,0.0,0.0,3.466129741003243e-07
50,4,1.0,1.0,1.0,0.0,0.0,0.0,0.6950757575757577,0.6950757575757576,0.0,0.674934725848564,0.7558568984083176
50,5,0.0,0.0,0.0,0.0,0.0,0.0,0.8402777777777779,0.8402777777777778,0.0,0.8596605744125326,0.9999969037458483
50,6,0.0,0.0,0.0,0.0,0.0,0.0,0.6029040404040404,0.6029040404040404,0.0,0.5985639686684073,0.999997778420199
50,7,0.0,0.0,0.0,0.0,0.0,0.0,0.6098484848484849,0.6098484848484849,0.0,0.6318537859007833,0.9999977528313218
60,0,0.0,0.0,0.0,0.0,0.0,0.0,0.0,0.0,0.0,0.0,1.0
60,1,0.0,0.0,0.0,0.0,0.0,0.0,0.0,0.0,0.0,0.0,1.0
60,2,0.0,0.0,0.0,0.0,0.0,0.0,0.0,0.0,0.0,0.0,1.0
60,3,0.0,0.0,0.0,1.0,1.0,1.0,0.0,0.0,0.0,0.0,3.466129741003243e-07
60,4,1.0,1.0,1.0,0.0,0.0,0.0,0.6527777777777778,0.6527777777777778,0.0,0.6390339425587468,0.7558570542678431
60,5,0.0,0.0,0.0,0.0,0.0,0.0,0.831439393939394,0.831439393939394,0.0,0.8544386422976501,0.9999969363135102
60,6,0.0,0.0,0.0,0.0,0.0,0.0,0.5789141414141414,0.5789141414141414,0.0,0.5828981723237598,0.9999978668181386
60,7,0.0,0.0,0.0,0.0,0.0,0.0,0.6111111111111112,0.611111111111111,0.0,0.6318537859007833,0.9999977481787985
70,0,0.0,0.0,0.0,0.0,0.0,0.0,0.0,0.0,0.0,0.0,1.0
70,1,0.0,0.0,0.0,0.0,0.0,0.0,0.0,0.0,0.0,0.0,1.0
70,2,0.0,0.0,0.0,0.0,0.0,0.0,0.0,0.0,0.0,0.0,1.0
70,3,0.0,0.0,0.0,1.0,1.0,1.0,0.0,0.0,0.0,0.0,3.466129741003243e-07
70,4,1.0,1.0,1.0,0.0,0.0,0.0,0.6180555555555556,0.6180555555555556,0.0,0.618798955613577,0.7558571822122295
70,5,0.0,0.0,0.0,0.0,0.0,0.0,0.826388888888889,0.826388888888889,0.0,0.8511749347258486,0.9999969549236023
70,6,0.0,0.0,0.0,0.0,0.0,0.0,0.5637626262626263,0.5637626262626263,0.0,0.5731070496083551,0.9999979226484164
70,7,0.0,0.0,0.0,0.0,0.0,0.0,0.6111111111111112,0.611111111111111,0.0,0.6357702349869452,0.9999977481787985
80,0,0.0,0.0,0.0,0.0,0.0,0.0,0.0,0.0,0.0,0.0,1.0
80,1,0.0,0.0,0.0,0.0,0.0,0.0,0.0,0.0,0.0,0.0,1.0
80,2,0.0,0.0,0.0,0.0,0.0,0.0,0.0,0.0,0.0,0.0,1.0
80,3,0.0,0.0,0.0,1.0,1.0,1.0,0.0,0.0,0.0,0.0,3.466129741003243e-07
80,4,1.0,1.0,1.0,0.0,0.0,0.0,0.5984848484848485,0.5984848484848485,0.0,0.6024804177545692,0.7558572543263384
80,5,0.0,0.0,0.0,0.0,0.0,0.0,0.8232323232323233,0.8232323232323232,0.0,0.8420365535248042,0.9999969665549107
80,6,0.0,0.0,0.0,0.0,0.0,0.0,0.5542929292929294,0.5542929292929294,0.0,0.5698433420365535,0.9999979575423401
80,7,0.0,0.0,0.0,0.0,0.0,0.0,0.61489898989899,0.6148989898989898,0.0,0.6409921671018277,0.9999977342212292
90,0,0.0,0.0,0.0,0.0,0.0,0.0,0.0,0.0,0.0,0.0,1.0
90,1,0.0,0.0,0.0,0.0,0.0,0.0,0.0,0.0,0.0,0.0,1.0
90,2,0.0,0.0,0.0,0.0,0.0,0.0,0.0,0.0,0.0,0.0,1.0
90,3,0.0,0.0,0.0,1.0,1.0,0.0,0.0,0.0,0.0,0.0,3.466129741003243e-07
90,4,1.0,1.0,0.0,0.0,0.0,0.0,0.5827020202020202,0.5827020202020202,0.0,0.0,0.7558573124828774
90,5,0.0,0.0,0.0,0.0,0.0,0.0,0.8143939393939394,0.8143939393939394,0.0,0.0,0.9999969991225721
90,6,0.0,0.0,0.0,0.0,0.0,0.0,0.5511363636363636,0.5511363636363636,0.0,0.0,0.9999979691736476
90,7,0.0,0.0,0.0,0.0,0.0,0.0,0.619949494949495,0.619949494949495,0.0,0.0,0.9999977156111366
0,0,0.0,0.0,0.0,0.0,0.0,0.0,0.8478535353535355,0.8478535353535355,0.0,0.762402088772846,0.9999968758307092
0,1,0.0,0.0,0.0,0.0,0.0,0.0,0.7537878787878789,0.7537878787878788,0.0,0.7845953002610966,0.9999972224436835
0,2,1.0,1.0,1.0,0.0,0.0,0.0,0.8200757575757577,0.8200757575757576,0.0,0.7225848563968669,0.7558564378085266
0,3,0.0,0.0,0.0,0.0,0.0,0.0,0.7348484848484849,0.7348484848484849,0.0,0.7650130548302873,0.9999972922315301
0,4,0.0,0.0,0.0,0.0,0.0,0.0,0.0,0.0,0.0,0.0,1.0
0,5,0.0,0.0,0.0,0.0,0.0,0.0,0.0,0.0,0.0,0.0,1.0
0,6,0.0,0.0,0.0,0.0,0.0,0.0,0.0,0.0,0.0,0.0,1.0
0,7,0.0,0.0,0.0,0.0,0.0,0.0,0.0,0.0,0.0,0.0,1.0
10,0,0.0,0.0,0.0,0.0,0.0,0.0,0.7373737373737375,0.7373737373737373,0.0,0.7212793733681462,0.999997282926484
10,1,0.0,0.0,0.0,0.0,0.0,0.0,0.7588383838383839,0.7588383838383839,0.0,0.7845953002610966,0.9999972038335905
10,2,1.0,1.0,1.0,0.0,0.0,0.0,0.6988636363636365,0.6988636363636365,0.0,0.6879895561357703,0.7558568844507481
10,3,0.0,0.0,0.0,0.0,0.0,0.0,0.73989898989899,0.7398989898989898,0.0,0.7650130548302873,0.999997273621438
10,4,0.0,0.0,0.0,0.0,0.0,0.0,0.0,0.0,0.0,0.0,1.0
10,5,0.0,0.0,0.0,0.0,0.0,0.0,0.0,0.0,0.0,0.0,1.0
10,6,0.0,0.0,0.0,0.0,0.0,0.0,0.0,0.0,0.0,0.0,1.0
10,7,0.0,0.0,0.0,0.0,0.0,0.0,0.0,0.0,0.0,0.0,1.0
20,0,0.0,0.0,0.0,0.0,0.0,0.0,0.6976010101010102,0.69760101010101,0.0,0.6919060052219321,0.9999974294809633
20,1,0.0,0.0,0.0,0.0,0.0,0.0,0.7588383838383839,0.7588383838383839,0.0,0.7845953002610966,0.9999972038335905
20,2,1.0,1.0,1.0,0.0,0.0,0.0,0.6654040404040404,0.6654040404040404,0.0,0.6631853785900783,0.7558570077426117
20,3,0.0,0.0,0.0,0.0,0.0,0.0,0.73989898989899,0.7398989898989898,0.0,0.7650130548302873,0.999997273621438
20,4,0.0,0.0,0.0,0.0,0.0,0.0,0.0,0.0,0.0,0.0,1.0
20,5,0.0,0.0,0.0,0.0,0.0,0.0,0.0,0.0,0.0,0.0,1.0
20,6,0.0,0.0,0.0,0.0,0.0,0.0,0.0,0.0,0.0,0.0,1.0
20,7,0.0,0.0,0.0,0.0,0.0,0.0,0.0,0.0,0.0,0.0,1.0
30,0,0.0,0.0,0.0,0.0,0.0,0.0,0.6691919191919192,0.6691919191919192,0.0,0.6762402088772846,0.9999975341627341
30,1,0.0,0.0,0.0,0.0,0.0,0.0,0.7588383838383839,0.7588383838383839,0.0,0.7845953002610966,0.9999972038335905
30,2,1.0,1.0,1.0,0.0,0.0,0.0,0.6414141414141414,0.6414141414141414,0.0,0.6383812010443864,0.7558570961405515
30,3,0.0,0.0,0.0,0.0,0.0,0.0,0.73989898989899,0.7398989898989898,0.0,0.7650130548302873,0.999997273621438
30,4,0.0,0.0,0.0,0.0,0.0,0.0,0.0,0.0,0.0,0.0,1.0
30,5,0.0,0.0,0.0,0.0,0.0,0.0,0.0,0.0,0.0,0.0,1.0
30,6,0.0,0.0,0.0,0.0,0.0,0.0,0.0,0.0,0.0,0.0,1.0
30,7,0.0,0.0,0.0,0.0,0.0,0.0,0.0,0.0,0.0,0.0,1.0
40,0,0.0,0.0,0.0,0.0,0.0,0.0,0.6540404040404041,0.654040404040404,0.0,0.6566579634464752,0.9999975899930118
40,1,0.0,0.0,0.0,0.0,0.0,0.0,0.7588383838383839,0.7588383838383839,0.0,0.7845953002610966,0.9999972038335905
40,2,1.0,1.0,1.0,0.0,0.0,0.0,0.6174242424242424,0.6174242424242425,0.0,0.6155352480417755,0.7558571845384909
40,3,0.0,0.0,0.0,0.0,0.0,0.0,0.73989898989899,0.7398989898989898,0.0,0.7650130548302873,0.999997273621438
40,4,0.0,0.0,0.0,0.0,0.0,0.0,0.0,0.0,0.0,0.0,1.0
40,5,0.0,0.0,0.0,0.0,0.0,0.0,0.0,0.0,0.0,0.0,1.0
40,6,0.0,0.0,0.0,0.0,0.0,0.0,0.0,0.0,0.0,0.0,1.0
40,7,0.0,0.0,0.0,0.0,0.0,0.0,0.0,0.0,0.0,0.0,1.0
50,0,0.0,0.0,0.0,0.0,0.0,0.0,0.6351010101010102,0.63510101010101,0.0,0.6305483028720626,0.9999976597808589
50,1,0.0,0.0,0.0,0.0,0.0,0.0,0.7588383838383839,0.7588383838383839,0.0,0.7904699738903395,0.9999972038335905
50,2,1.0,1.0,1.0,0.0,0.0,0.0,0.5953282828282829,0.5953282828282829,0.0,0.5913838120104439,0.7558572659576459
50,3,0.0,0.0,0.0,0.0,0.0,0.0,0.73989898989899,0.7398989898989898,0.0,0.7695822454308094,0.999997273621438
50,4,0.0,0.0,0.0,0.0,0.0,0.0,0.0,0.0,0.0,0.0,1.0
50,5,0.0,0.0,0.0,0.0,0.0,0.0,0.0,0.0,0.0,0.0,1.0
50,6,0.0,0.0,0.0,0.0,0.0,0.0,0.0,0.0,0.0,0.0,1.0
50,7,0.0,0.0,0.0,0.0,0.0,0.0,0.0,0.0,0.0,0.0,1.0
60,0,0.0,0.0,0.0,0.0,0.0,0.0,0.6098484848484849,0.6098484848484849,0.0,0.6174934725848564,0.9999977528313218
60,1,0.0,0.0,0.0,0.0,0.0,0.0,0.7645202020202021,0.7645202020202021,0.0,0.7904699738903395,0.9999971828972365
60,2,1.0,1.0,1.0,0.0,0.0,0.0,0.571969696969697,0.571969696969697,0.0,0.5763707571801566,0.7558573520293244
60,3,0.0,0.0,0.0,0.0,0.0,0.0,0.7443181818181819,0.744318181818182,0.0,0.7695822454308094,0.9999972573376068
60,4,0.0,0.0,0.0,0.0,0.0,0.0,0.0,0.0,0.0,0.0,1.0
60,5,0.0,0.0,0.0,0.0,0.0,0.0,0.0,0.0,0.0,0.0,1.0
60,6,0.0,0.0,0.0,0.0,0.0,0.0,0.0,0.0,0.0,0.0,1.0
60,7,0.0,0.0,0.0,0.0,0.0,0.0,0.0,0.0,0.0,0.0,1.0
70,0,0.0,0.0,0.0,0.0,0.0,0.0,0.5972222222222223,0.5972222222222223,0.0,0.597911227154047,0.999997799356553
70,1,0.0,0.0,0.0,0.0,0.0,0.0,0.7645202020202021,0.7645202020202021,0.0,0.7904699738903395,0.9999971828972365
70,2,1.0,1.0,1.0,0.0,0.0,0.0,0.557449494949495,0.557449494949495,0.0,0.5600522193211488,0.7558574055333405
70,3,0.0,0.0,0.0,0.0,0.0,0.0,0.7443181818181819,0.744318181818182,0.0,0.7695822454308094,0.9999972573376068
70,4,0.0,0.0,0.0,0.0,0.0,0.0,0.0,0.0,0.0,0.0,1.0
70,5,0.0,0.0,0.0,0.0,0.0,0.0,0.0,0.0,0.0,0.0,1.0
70,6,0.0,0.0,0.0,0.0,0.0,0.0,0.0,0.0,0.0,0.0,1.0
70,7,0.0,0.0,0.0,0.0,0.0,0.0,0.0,0.0,0.0,0.0,1.0
80,0,0.0,0.0,0.0,0.0,0.0,0.0,0.5782828282828283,0.5782828282828283,0.0,0.5802872062663186,0.9999978691444
80,1,0.0,0.0,0.0,0.0,0.0,0.0,0.7645202020202021,0.7645202020202021,0.0,0.7904699738903395,0.9999971828972365
80,2,1.0,1.0,1.0,0.0,0.0,0.0,0.5416666666666667,0.5416666666666667,0.0,0.5443864229765013,0.7558574636898794
80,3,0.0,0.0,0.0,0.0,0.0,0.0,0.7443181818181819,0.744318181818182,0.0,0.7689295039164491,0.9999972573376068
80,4,0.0,0.0,0.0,0.0,0.0,0.0,0.0,0.0,0.0,0.0,1.0
80,5,0.0,0.0,0.0,0.0,0.0,0.0,0.0,0.0,0.0,0.0,1.0
80,6,0.0,0.0,0.0,0.0,0.0,0.0,0.0,0.0,0.0,0.0,1.0
80,7,0.0,0.0,0.0,0.0,0.0,0.0,0.0,0.0,0.0,0.0,1.0
90,0,0.0,0.0,0.0,0.0,0.0,0.0,0.5612373737373738,0.5612373737373738,0.0,0.0,0.9999979319534624
90,1,0.0,0.0,0.0,0.0,0.0,0.0,0.7645202020202021,0.7645202020202021,0.0,0.0,0.9999971828972365
90,2,1.0,1.0,0.0,0.0,0.0,0.0,0.5265151515151516,0.5265151515151515,0.0,0.0,0.7558575195201573
90,3,0.0,0.0,0.0,0.0,0.0,0.0,0.7436868686868687,0.7436868686868687,0.0,0.0,0.9999972596638687
90,4,0.0,0.0,0.0,0.0,0.0,0.0,0.0,0.0,0.0,0.0,1.0
90,5,0.0,0.0,0.0,0.0,0.0,0.0,0.0,0.0,0.0,0.0,1.0
90,6,0.0,0.0,0.0,0.0,0.0,0.0,0.0,0.0,0.0,0.0,1.0
90,7,0.0,0.0,0.0,0.0,0.0,0.0,0.0,0.0,0.0,0.0,1.0
0,0,1.0,1.0,1.0,0.0,0.0,0.0,0.8825757575757577,0.8825757575757576,0.0,0.7650130548302873,0.7558562075086313
0,1,0.0,0.0,0.0,0.0,0.0,0.0,0.8005050505050506,0.8005050505050505,0.0,0.8302872062663186,0.999997050300327
0,2,0.0,0.0,0.0,0.0,0.0,0.0,0.7916666666666667,0.7916666666666667,0.0,0.7258485639686684,0.9999970828679889
0,3,0.0,0.0,0.0,0.0,0.0,0.0,0.6818181818181819,0.6818181818181819,0.0,0.70822454308094,0.9999974876375024
0,4,0.0,0.0,0.0,0.0,0.0,0.0,0.0,0.0,0.0,0.0,1.0
0,5,0.0,0.0,0.0,0.0,0.0,0.0,0.0,0.0,0.0,0.0,1.0
0,6,0.0,0.0,0.0,0.0,0.0,0.0,0.0,0.0,0.0,0.0,1.0
0,7,0.0,0.0,0.0,0.0,0.0,0.0,0.0,0.0,0.0,0.0,1.0
10,0,1.0,1.0,1.0,0.0,0.0,0.0,0.73989898989899,0.7398989898989898,0.0,0.7330287206266318,0.755856733243746
10,1,0.0,0.0,0.0,0.0,0.0,0.0,0.8030303030303031,0.8030303030303031,0.0,0.8302872062663186,0.999997040995281
10,2,0.0,0.0,0.0,0.0,0.0,0.0,0.7020202020202021,0.7020202020202021,0.0,0.685378590078329,0.9999974131971321
10,3,0.0,0.0,0.0,0.0,0.0,0.0,0.6849747474747475,0.6849747474747476,0.0,0.70822454308094,0.9999974760061945
10,4,0.0,0.0,0.0,0.0,0.0,0.0,0.0,0.0,0.0,0.0,1.0
10,5,0.0,0.0,0.0,0.0,0.0,0.0,0.0,0.0,0.0,0.0,1.0
10,6,0.0,0.0,0.0,0.0,0.0,0.0,0.0,0.0,0.0,0.0,1.0
10,7,0.0,0.0,0.0,0.0,0.0,0.0,0.0,0.0,0.0,0.0,1.0
20,0,1.0,1.0,1.0,0.0,0.0,0.0,0.7089646464646465,0.7089646464646465,0.0,0.7075718015665796,0.7558568472305629
20,1,0.0,0.0,0.0,0.0,0.0,0.0,0.8030303030303031,0.8030303030303031,0.0,0.8302872062663186,0.999997040995281
20,2,0.0,0.0,0.0,0.0,0.0,0.0,0.662878787878788,0.662878787878788,0.0,0.6586161879895561,0.9999975574253503
20,3,0.0,0.0,0.0,0.0,0.0,0.0,0.6849747474747475,0.6849747474747476,0.0,0.70822454308094,0.9999974760061945
20,4,0.0,0.0,0.0,0.0,0.0,0.0,0.0,0.0,0.0,0.0,1.0
20,5,0.0,0.0,0.0,0.0,0.0,0.0,0.0,0.0,0.0,0.0,1.0
20,6,0.0,0.0,0.0,0.0,0.0,0.0,0.0,0.0,0.0,0.0,1.0
20,7,0.0,0.0,0.0,0.0,0.0,0.0,0.0,0.0,0.0,0.0,1.0
30,0,1.0,1.0,1.0,0.0,0.0,0.0,0.6843434343434344,0.6843434343434344,0.0,0.6795039164490861,0.7558569379547642
30,1,0.0,0.0,0.0,0.0,0.0,0.0,0.8030303030303031,0.8030303030303031,0.0,0.8302872062663186,0.999997040995281
30,2,0.0,0.0,0.0,0.0,0.0,0.0,0.6369949494949495,0.6369949494949496,0.0,0.6409921671018277,0.9999976528020738
30,3,0.0,0.0,0.0,0.0,0.0,0.0,0.6849747474747475,0.6849747474747476,0.0,0.70822454308094,0.9999974760061945
30,4,0.0,0.0,0.0,0.0,0.0,0.0,0.0,0.0,0.0,0.0,1.0
30,5,0.0,0.0,0.0,0.0,0.0,0.0,0.0,0.0,0.0,0.0,1.0
30,6,0.0,0.0,0.0,0.0,0.0,0.0,0.0,0.0,0.0,0.0,1.0
30,7,0.0,0.0,0.0,0.0,0.0,0.0,0.0,0.0,0.0,0.0,1.0
40,0,1.0,1.0,1.0,0.0,0.0,0.0,0.6571969696969697,0.6571969696969697,0.0,0.6592689295039165,0.7558570379840122
40,1,0.0,0.0,0.0,0.0,0.0,0.0,0.8030303030303031,0.8030303030303031,0.0,0.8289817232375979,0.999997040995281
40,2,0.0,0.0,0.0,0.0,0.0,0.0,0.619949494949495,0.619949494949495,0.0,0.6214099216710183,0.9999977156111366
40,3,0.0,0.0,0.0,0.0,0.0,0.0,0.6849747474747475,0.6849747474747476,0.0,0.7095300261096605,0.9999974760061945
40,4,0.0,0.0,0.0,0.0,0.0,0.0,0.0,0.0,0.0,0.0,1.0
40,5,0.0,0.0,0.0,0.0,0.0,0.0,0.0,0.0,0.0,0.0,1.0
40,6,0.0,0.0,0.0,0.0,0.0,0.0,0.0,0.0,0.0,0.0,1.0
40,7,0.0,0.0,0.0,0.0,0.0,0.0,0.0,0.0,0.0,0.0,1.0
50,0,1.0,1.0,1.0,0.0,0.0,0.0,0.6376262626262627,0.6376262626262627,0.0,0.631201044386423,0.7558571100981206
50,1,0.0,0.0,0.0,0.0,0.0,0.0,0.8017676767676768,0.8017676767676768,0.0,0.8315926892950392,0.9999970456478038
50,2,0.0,0.0,0.0,0.0,0.0,0.0,0.6010101010101011,0.6010101010101011,0.0,0.6011749347258486,0.9999977853989837
50,3,0.0,0.0,0.0,0.0,0.0,0.0,0.6862373737373738,0.6862373737373738,0.0,0.7121409921671018,0.9999974713536712
50,4,0.0,0.0,0.0,0.0,0.0,0.0,0.0,0.0,0.0,0.0,1.0
50,5,0.0,0.0,0.0,0.0,0.0,0.0,0.0,0.0,0.0,0.0,1.0
50,6,0.0,0.0,0.0,0.0,0.0,0.0,0.0,0.0,0.0,0.0,1.0
50,7,0.0,0.0,0.0,0.0,0.0,0.0,0.0,0.0,0.0,0.0,1.0
60,0,1.0,1.0,1.0,0.0,0.0,0.0,0.610479797979798,0.610479797979798,0.0,0.5933420365535248,0.7558572101273684
60,1,0.0,0.0,0.0,0.0,0.0,0.0,0.8042929292929294,0.8042929292929295,0.0,0.8276762402088773,0.9999970363427577
60,2,0.0,0.0,0.0,0.0,0.0,0.0,0.581439393939394,0.5814393939393939,0.0,0.5861618798955613,0.9999978575130926
60,3,0.0,0.0,0.0,0.0,0.0,0.0,0.6887626262626263,0.6887626262626263,0.0,0.7127937336814621,0.9999974620486252
60,4,0.0,0.0,0.0,0.0,0.0,0.0,0.0,0.0,0.0,0.0,1.0
60,5,0.0,0.0,0.0,0.0,0.0,0.0,0.0,0.0,0.0,0.0,1.0
60,6,0.0,0.0,0.0,0.0,0.0,0.0,0.0,0.0,0.0,0.0,1.0
60,7,0.0,0.0,0.0,0.0,0.0,0.0,0.0,0.0,0.0,0.0,1.0
70,0,1.0,1.0,1.0,0.0,0.0,0.0,0.5738636363636365,0.5738636363636365,0.0,0.5652741514360313,0.7558573450505395
70,1,0.0,0.0,0.0,0.0,0.0,0.0,0.8005050505050506,0.8005050505050505,0.0,0.8204960835509139,0.999997050300327
70,2,0.0,0.0,0.0,0.0,0.0,0.0,0.5669191919191919,0.566919191919192,0.0,0.5737597911227154,0.9999979110171084
70,3,0.0,0.0,0.0,0.0,0.0,0.0,0.6893939393939394,0.6893939393939394,0.0,0.7134464751958225,0.9999974597223638
70,4,0.0,0.0,0.0,0.0,0.0,0.0,0.0,0.0,0.0,0.0,1.0
70,5,0.0,0.0,0.0,0.0,0.0,0.0,0.0,0.0,0.0,0.0,1.0
70,6,0.0,0.0,0.0,0.0,0.0,0.0,0.0,0.0,0.0,0.0,1.0
70,7,0.0,0.0,0.0,0.0,0.0,0.0,0.0,0.0,0.0,0.0,1.0
80,0,1.0,1.0,1.0,0.0,0.0,0.0,0.5467171717171717,0.5467171717171717,0.0,0.5424281984334204,0.755857445079787
80,1,0.0,0.0,0.0,0.0,0.0,0.0,0.7935606060606061,0.7935606060606061,0.0,0.8133159268929504,0.9999970758892043
80,2,0.0,0.0,0.0,0.0,0.0,0.0,0.5549242424242424,0.5549242424242424,0.0,0.5593994778067886,0.9999979552160787
80,3,0.0,0.0,0.0,0.0,0.0,0.0,0.6900252525252526,0.6900252525252526,0.0,0.7140992167101827,0.9999974573961019
80,4,0.0,0.0,0.0,0.0,0.0,0.0,0.0,0.0,0.0,0.0,1.0
80,5,0.0,0.0,0.0,0.0,0.0,0.0,0.0,0.0,0.0,0.0,1.0
80,6,0.0,0.0,0.0,0.0,0.0,0.0,0.0,0.0,0.0,0.0,1.0
80,7,0.0,0.0,0.0,0.0,0.0,0.0,0.0,0.0,0.0,0.0,1.0
90,0,1.0,1.0,0.0,0.0,0.0,0.0,0.5246212121212122,0.5246212121212122,0.0,0.0,0.755857526498942
90,1,0.0,0.0,0.0,0.0,0.0,0.0,0.7866161616161617,0.7866161616161617,0.0,0.0,0.9999971014780815
90,2,0.0,0.0,0.0,0.0,0.0,0.0,0.5410353535353536,0.5410353535353536,0.0,0.0,0.9999980063938327
90,3,0.0,0.0,0.0,0.0,0.0,0.0,0.6906565656565657,0.6906565656565657,0.0,0.0,0.9999974550698405
90,4,0.0,0.0,0.0,0.0,0.0,0.0,0.0,0.0,0.0,0.0,1.0
90,5,0.0,0.0,0.0,0.0,0.0,0.0,0.0,0.0,0.0,0.0,1.0
90,6,0.0,0.0,0.0,0.0,0.0,0.0,0.0,0.0,0.0,0.0,1.0
90,7,0.0,0.0,0.0,0.0,0.0,0.0,0.0,0.0,0.0,0.0,1.0
0,0,0.0,0.0,0.0,0.0,0.0,0.0,0.0,0.0,0.0,0.0,1.0
0,1,0.0,0.0,0.0,0.0,0.0,0.0,0.0,0.0,0.0,0.0,1.0
0,2,0.0,0.0,0.0,0.0,0.0,0.0,0.0,0.0,0.0,0.0,1.0
0,3,0.0,0.0,0.0,1.0,1.0,1.0,0.0,0.0,0.0,0.0,3.466129741003243e-07
0,4,0.0,0.0,0.0,0.0,0.0,0.0,0.8238636363636365,0.8238636363636365,0.0,0.7356396866840731,0.9999969642286488
0,5,0.0,0.0,0.0,0.0,0.0,0.0,0.7386363636363636,0.7386363636363636,0.0,0.7663185378590078,0.9999972782739608
0,6,1.0,1.0,1.0,0.0,0.0,0.0,0.8705808080808082,0.8705808080808082,0.0,0.7806788511749347,0.7558562517076008
0,7,0.0,0.0,0.0,0.0,0.0,0.0,0.7234848484848485,0.7234848484848485,0.0,0.7513054830287207,0.999997334104239
10,0,0.0,0.0,0.0,0.0,0.0,0.0,0.0,0.0,0.0,0.0,1.0
10,1,0.0,0.0,0.0,0.0,0.0,0.0,0.0,0.0,0.0,0.0,1.0
10,2,0.0,0.0,0.0,0.0,0.0,0.0,0.0,0.0,0.0,0.0,1.0
10,3,0.0,0.0,0.0,1.0,1.0,1.0,0.0,0.0,0.0,0.0,3.466129741003243e-07
10,4,0.0,0.0,0.0,0.0,0.0,0.0,0.711489898989899,0.711489898989899,0.0,0.7036553524804178,0.9999973783032088
10,5,0.0,0.0,0.0,0.0,0.0,0.0,0.7411616161616162,0.7411616161616162,0.0,0.7663185378590078,0.9999972689689147
10,6,1.0,1.0,1.0,0.0,0.0,0.0,0.7550505050505051,0.7550505050505051,0.0,0.739556135770235,0.7558566774134685
10,7,0.0,0.0,0.0,0.0,0.0,0.0,0.7266414141414143,0.7266414141414141,0.0,0.7513054830287207,0.9999973224729306
20,0,0.0,0.0,0.0,0.0,0.0,0.0,0.0,0.0,0.0,0.0,1.0
20,1,0.0,0.0,0.0,0.0,0.0,0.0,0.0,0.0,0.0,0.0,1.0
20,2,0.0,0.0,0.0,0.0,0.0,0.0,0.0,0.0,0.0,0.0,1.0
20,3,0.0,0.0,0.0,1.0,1.0,1.0,0.0,0.0,0.0,0.0,3.466129741003243e-07
20,4,0.0,0.0,0.0,0.0,0.0,0.0,0.6805555555555556,0.6805555555555557,0.0,0.6684073107049608,0.9999974922900257
20,5,0.0,0.0,0.0,0.0,0.0,0.0,0.7411616161616162,0.7411616161616162,0.0,0.7663185378590078,0.9999972689689147
20,6,1.0,1.0,1.0,0.0,0.0,0.0,0.7152777777777778,0.7152777777777778,0.0,0.7114882506527416,0.7558568239679473
20,7,0.0,0.0,0.0,0.0,0.0,0.0,0.7266414141414143,0.7266414141414141,0.0,0.7513054830287207,0.9999973224729306
30,0,0.0,0.0,0.0,0.0,0.0,0.0,0.0,0.0,0.0,0.0,1.0
30,1,0.0,0.0,0.0,0.0,0.0,0.0,0.0,0.0,0.0,0.0,1.0
30,2,0.0,0.0,0.0,0.0,0.0,0.0,0.0,0.0,0.0,0.0,1.0
30,3,0.0,0.0,0.0,1.0,1.0,1.0,0.0,0.0,0.0,0.0,3.466129741003243e-07
30,4,0.0,0.0,0.0,0.0,0.0,0.0,0.6464646464646465,0.6464646464646465,0.0,0.6403394255874674,0.9999976179081504
30,5,0.0,0.0,0.0,0.0,0.0,0.0,0.7411616161616162,0.7411616161616162,0.0,0.7663185378590078,0.9999972689689147
30,6,1.0,1.0,1.0,0.0,0.0,0.0,0.6881313131313131,0.6881313131313133,0.0,0.6873368146214099,0.7558569239971951
30,7,0.0,0.0,0.0,0.0,0.0,0.0,0.7266414141414143,0.7266414141414141,0.0,0.7513054830287207,0.9999973224729306
40,0,0.0,0.0,0.0,0.0,0.0,0.0,0.0,0.0,0.0,0.0,1.0
40,1,0.0,0.0,0.0,0.0,0.0,0.0,0.0,0.0,0.0,0.0,1.0
40,2,0.0,0.0,0.0,0.0,0.0,0.0,0.0,0.0,0.0,0.0,1.0
40,3,0.0,0.0,0.0,1.0,1.0,1.0,0.0,0.0,0.0,0.0,3.466129741003243e-07
40,4,0.0,0.0,0.0,0.0,0.0,0.0,0.6193181818181819,0.6193181818181819,0.0,0.6174934725848564,0.999997717937398
40,5,0.0,0.0,0.0,0.0,0.0,0.0,0.7411616161616162,0.7411616161616162,0.0,0.7663185378590078,0.9999972689689147
40,6,1.0,1.0,1.0,0.0,0.0,0.0,0.6647727272727273,0.6647727272727273,0.0,0.6657963446475196,0.7558570100688731
40,7,0.0,0.0,0.0,0.0,0.0,0.0,0.7266414141414143,0.7266414141414141,0.0,0.7513054830287207,0.9999973224729306
50,0,0.0,0.0,0.0,0.0,0.0,0.0,0.0,0.0,0.0,0.0,1.0
50,1,0.0,0.0,0.0,0.0,0.0,0.0,0.0,0.0,0.0,0.0,1.0
50,2,0.0,0.0,0.0,0.0,0.0,0.0,0.0,0.0,0.0,0.0,1.0
50,3,0.0,0.0,0.0,1.0,1.0,1.0,0.0,0.0,0.0,0.0,3.466129741003243e-07
50,4,0.0,0.0,0.0,0.0,0.0,0.0,0.5972222222222223,0.5972222222222223,0.0,0.5920365535248042,0.999997799356553
50,5,0.0,0.0,0.0,0.0,0.0,0.0,0.7411616161616162,0.7411616161616162,0.0,0.7734986945169713,0.9999972689689147
50,6,1.0,1.0,1.0,0.0,0.0,0.0,0.643939393939394,0.6439393939393939,0.0,0.6442558746736292,0.7558570868355048
50,7,0.0,0.0,0.0,0.0,0.0,0.0,0.7266414141414143,0.7266414141414141,0.0,0.7545691906005222,0.9999973224729306
60,0,0.0,0.0,0.0,0.0,0.0,0.0,0.0,0.0,0.0,0.0,1.0
60,1,0.0,0.0,0.0,0.0,0.0,0.0,0.0,0.0,0.0,0.0,1.0
60,2,0.0,0.0,0.0,0.0,0.0,0.0,0.0,0.0,0.0,0.0,1.0
60,3,0.0,0.0,0.0,1.0,1.0,1.0,0.0,0.0,0.0,0.0,3.466129741003243e-07
60,4,0.0,0.0,0.0,0.0,0.0,0.0,0.5726010101010102,0.57260101010101,0.0,0.5789817232375979,0.9999978900807545
60,5,0.0,0.0,0.0,0.0,0.0,0.0,0.7481060606060607,0.7481060606060607,0.0,0.7734986945169713,0.9999972433800375
60,6,1.0,1.0,1.0,0.0,0.0,0.0,0.6231060606060607,0.6231060606060607,0.0,0.6253263707571801,0.7558571636021372
60,7,0.0,0.0,0.0,0.0,0.0,0.0,0.7297979797979799,0.7297979797979798,0.0,0.7545691906005222,0.9999973108416231
70,0,0.0,0.0,0.0,0.0,0.0,0.0,0.0,0.0,0.0,0.0,1.0
70,1,0.0,0.0,0.0,0.0,0.0,0.0,0.0,0.0,0.0,0.0,1.0
70,2,0.0,0.0,0.0,0.0,0.0,0.0,0.0,0.0,0.0,0.0,1.0
70,3,0.0,0.0,0.0,1.0,1.0,1.0,0.0,0.0,0.0,0.0,3.466129741003243e-07
70,4,0.0,0.0,0.0,0.0,0.0,0.0,0.5599747474747475,0.5599747474747475,0.0,0.5607049608355091,0.9999979366059857
70,5,0.0,0.0,0.0,0.0,0.0,0.0,0.7481060606060607,0.7481060606060607,0.0,0.7734986945169713,0.9999972433800375
70,6,1.0,1.0,1.0,0.0,0.0,0.0,0.6047979797979799,0.6047979797979798,0.0,0.6122715404699739,0.7558572310637226
70,7,0.0,0.0,0.0,0.0,0.0,0.0,0.7297979797979799,0.7297979797979798,0.0,0.7545691906005222,0.9999973108416231
80,0,0.0,0.0,0.0,0.0,0.0,0.0,0.0,0.0,0.0,0.0,1.0
80,1,0.0,0.0,0.0,0.0,0.0,0.0,0.0,0.0,0.0,0.0,1.0
80,2,0.0,0.0,0.0,0.0,0.0,0.0,0.0,0.0,0.0,0.0,1.0
80,3,0.0,0.0,0.0,1.0,1.0,1.0,0.0,0.0,0.0,0.0,3.466129741003243e-07
80,4,0.0,0.0,0.0,0.0,0.0,0.0,0.5422979797979799,0.5422979797979798,0.0,0.5489556135770235,0.9999980017413099
80,5,0.0,0.0,0.0,0.0,0.0,0.0,0.7481060606060607,0.7481060606060607,0.0,0.7728459530026109,0.9999972433800375
80,6,1.0,1.0,1.0,0.0,0.0,0.0,0.5921717171717172,0.5921717171717171,0.0,0.5900783289817233,0.755857277588954
80,7,0.0,0.0,0.0,0.0,0.0,0.0,0.7297979797979799,0.7297979797979798,0.0,0.7545691906005222,0.9999973108416231
90,0,0.0,0.0,0.0,0.0,0.0,0.0,0.0,0.0,0.0,0.0,1.0
90,1,0.0,0.0,0.0,0.0,0.0,0.0,0.0,0.0,0.0,0.0,1.0
90,2,0.0,0.0,0.0,0.0,0.0,0.0,0.0,0.0,0.0,0.0,1.0
90,3,0.0,0.0,0.0,1.0,1.0,0.0,0.0,0.0,0.0,0.0,3.466129741003243e-07
90,4,0.0,0.0,0.0,0.0,0.0,0.0,0.5309343434343434,0.5309343434343434,0.0,0.0,0.9999980436140179
90,5,0.0,0.0,0.0,0.0,0.0,0.0,0.7474747474747475,0.7474747474747476,0.0,0.0,0.9999972457062989
90,6,1.0,1.0,0.0,0.0,0.0,0.0,0.5707070707070707,0.5707070707070707,0.0,0.0,0.7558573566818472
90,7,0.0,0.0,0.0,0.0,0.0,0.0,0.7297979797979799,0.7297979797979798,0.0,0.0,0.9999973108416231
0,0,0.0,0.0,0.0,0.0,0.0,0.0,0.7695707070707072,0.7695707070707071,0.0,0.795691906005222,0.9999971642871439
0,1,0.0,0.0,0.0,0.0,0.0,0.0,0.7765151515151516,0.7765151515151515,0.0,0.8028720626631853,0.9999971386982667
0,2,1.0,1.0,1.0,0.0,0.0,0.0,0.8156565656565657,0.8156565656565656,0.0,0.8433420365535248,0.7558564540923576
0,3,0.0,0.0,0.0,0.0,0.0,0.0,0.7948232323232324,0.7948232323232324,0.0,0.8218015665796344,0.999997071236681
0,4,0.0,0.0,0.0,0.0,0.0,0.0,0.0,0.0,0.0,0.0,1.0
0,5,0.0,0.0,0.0,0.0,0.0,0.0,0.0,0.0,0.0,0.0,1.0
0,6,0.0,0.0,0.0,0.0,0.0,0.0,0.0,0.0,0.0,0.0,1.0
0,7,0.0,0.0,0.0,0.0,0.0,0.0,0.0,0.0,0.0,0.0,1.0
10,0,0.0,0.0,0.0,0.0,0.0,0.0,0.7695707070707072,0.7695707070707071,0.0,0.795691906005222,0.9999971642871439
10,1,0.0,0.0,0.0,0.0,0.0,0.0,0.7765151515151516,0.7765151515151515,0.0,0.8028720626631853,0.9999971386982667
10,2,1.0,1.0,1.0,0.0,0.0,0.0,0.8156565656565657,0.8156565656565656,0.0,0.8433420365535248,0.7558564540923576
10,3,0.0,0.0,0.0,0.0,0.0,0.0,0.7948232323232324,0.7948232323232324,0.0,0.8218015665796344,0.999997071236681
10,4,0.0,0.0,0.0,0.0,0.0,0.0,0.0,0.0,0.0,0.0,1.0
10,5,0.0,0.0,0.0,0.0,0.0,0.0,0.0,0.0,0.0,0.0,1.0
10,6,0.0,0.0,0.0,0.0,0.0,0.0,0.0,0.0,0.0,0.0,1.0
10,7,0.0,0.0,0.0,0.0,0.0,0.0,0.0,0.0,0.0,0.0,1.0
20,0,0.0,0.0,0.0,0.0,0.0,0.0,0.7695707070707072,0.7695707070707071,0.0,0.795691906005222,0.9999971642871439
20,1,0.0,0.0,0.0,0.0,0.0,0.0,0.7765151515151516,0.7765151515151515,0.0,0.8028720626631853,0.9999971386982667
20,2,1.0,1.0,1.0,0.0,0.0,0.0,0.8156565656565657,0.8156565656565656,0.0,0.8433420365535248,0.7558564540923576
20,3,0.0,0.0,0.0,0.0,0.0,0.0,0.7948232323232324,0.7948232323232324,0.0,0.8218015665796344,0.999997071236681
20,4,0.0,0.0,0.0,0.0,0.0,0.0,0.0,0.0,0.0,0.0,1.0
20,5,0.0,0.0,0.0,0.0,0.0,0.0,0.0,0.0,0.0,0.0,1.0
20,6,0.0,0.0,0.0,0.0,0.0,0.0,0.0,0.0,0.0,0.0,1.0
20,7,0.0,0.0,0.0,0.0,0.0,0.0,0.0,0.0,0.0,0.0,1.0
30,0,0.0,0.0,0.0,0.0,0.0,0.0,0.7695707070707072,0.7695707070707071,0.0,0.795691906005222,0.9999971642871439
30,1,0.0,0.0,0.0,0.0,0.0,0.0,0.7765151515151516,0.7765151515151515,0.0,0.8028720626631853,0.9999971386982667
30,2,1.0,1.0,1.0,0.0,0.0,0.0,0.8156565656565657,0.8156565656565656,0.0,0.8433420365535248,0.7558564540923576
30,3,0.0,0.0,0.0,0.0,0.0,0.0,0.7948232323232324,0.7948232323232324,0.0,0.8218015665796344,0.999997071236681
30,4,0.0,0.0,0.0,0.0,0.0,0.0,0.0,0.0,0.0,0.0,1.0
30,5,0.0,0.0,0.0,0.0,0.0,0.0,0.0,0.0,0.0,0.0,1.0
30,6,0.0,0.0,0.0,0.0,0.0,0.0,0.0,0.0,0.0,0.0,1.0
30,7,0.0,0.0,0.0,0.0,0.0,0.0,0.0,0.0,0.0,0.0,1.0
40,0,0.0,0.0,0.0,0.0,0.0,0.0,0.7695707070707072,0.7695707070707071,0.0,0.795691906005222,0.9999971642871439
40,1,0.0,0.0,0.0,0.0,0.0,0.0,0.7765151515151516,0.7765151515151515,0.0,0.8028720626631853,0.9999971386982667
40,2,1.0,1.0,1.0,0.0,0.0,0.0,0.8156565656565657,0.8156565656565656,0.0,0.8433420365535248,0.7558564540923576
40,3,0.0,0.0,0.0,0.0,0.0,0.0,0.7948232323232324,0.7948232323232324,0.0,0.8218015665796344,0.999997071236681
40,4,0.0,0.0,0.0,0.0,0.0,0.0,0.0,0.0,0.0,0.0,1.0
40,5,0.0,0.0,0.0,0.0,0.0,0.0,0.0,0.0,0.0,0.0,1.0
40,6,0.0,0.0,0.0,0.0,0.0,0.0,0.0,0.0,0.0,0.0,1.0
40,7,0.0,0.0,0.0,0.0,0.0,0.0,0.0,0.0,0.0,0.0,1.0
50,0,0.0,0.0,0.0,0.0,0.0,0.0,0.7695707070707072,0.7695707070707071,0.0,0.795691906005222,0.9999971642871439
50,1,0.0,0.0,0.0,0.0,0.0,0.0,0.7765151515151516,0.7765151515151515,0.0,0.8028720626631853,0.9999971386982667
50,2,1.0,1.0,1.0,0.0,0.0,0.0,0.8156565656565657,0.8156565656565656,0.0,0.8433420365535248,0.7558564540923576
50,3,0.0,0.0,0.0,0.0,0.0,0.0,0.7948232323232324,0.7948232323232324,0.0,0.8218015665796344,0.999997071236681
50,4,0.0,0.0,0.0,0.0,0.0,0.0,0.0,0.0,0.0,0.0,1.0
50,5,0.0,0.0,0.0,0.0,0.0,0.0,0.0,0.0,0.0,0.0,1.0
50,6,0.0,0.0,0.0,0.0,0.0,0.0,0.0,0.0,0.0,0.0,1.0
50,7,0.0,0.0,0.0,0.0,0.0,0.0,0.0,0.0,0.0,0.0,1.0
60,0,0.0,0.0,0.0,0.0,0.0,0.0,0.7695707070707072,0.7695707070707071,0.0,0.795691906005222,0.9999971642871439
60,1,0.0,0.0,0.0,0.0,0.0,0.0,0.7765151515151516,0.7765151515151515,0.0,0.8028720626631853,0.9999971386982667
60,2,1.0,1.0,1.0,0.0,0.0,0.0,0.8156565656565657,0.8156565656565656,0.0,0.8433420365535248,0.7558564540923576
60,3,0.0,0.0,0.0,0.0,0.0,0.0,0.7948232323232324,0.7948232323232324,0.0,0.8218015665796344,0.999997071236681
60,4,0.0,0.0,0.0,0.0,0.0,0.0,0.0,0.0,0.0,0.0,1.0
60,5,0.0,0.0,0.0,0.0,0.0,0.0,0.0,0.0,0.0,0.0,1.0
60,6,0.0,0.0,0.0,0.0,0.0,0.0,0.0,0.0,0.0,0.0,1.0
60,7,0.0,0.0,0.0,0.0,0.0,0.0,0.0,0.0,0.0,0.0,1.0
70,0,0.0,0.0,0.0,0.0,0.0,0.0,0.7695707070707072,0.7695707070707071,0.0,0.795691906005222,0.9999971642871439
70,1,0.0,0.0,0.0,0.0,0.0,0.0,0.7765151515151516,0.7765151515151515,0.0,0.8028720626631853,0.9999971386982667
70,2,1.0,1.0,1.0,0.0,0.0,0.0,0.8156565656565657,0.8156565656565656,0.0,0.8433420365535248,0.7558564540923576
70,3,0.0,0.0,0.0,0.0,0.0,0.0,0.7948232323232324,0.7948232323232324,0.0,0.8218015665796344,0.999997071236681
70,4,0.0,0.0,0.0,0.0,0.0,0.0,0.0,0.0,0.0,0.0,1.0
70,5,0.0,0.0,0.0,0.0,0.0,0.0,0.0,0.0,0.0,0.0,1.0
70,6,0.0,0.0,0.0,0.0,0.0,0.0,0.0,0.0,0.0,0.0,1.0
70,7,0.0,0.0,0.0,0.0,0.0,0.0,0.0,0.0,0.0,0.0,1.0
80,0,0.0,0.0,0.0,0.0,0.0,0.0,0.7695707070707072,0.7695707070707071,0.0,0.795691906005222,0.9999971642871439
80,1,0.0,0.0,0.0,0.0,0.0,0.0,0.7765151515151516,0.7765151515151515,0.0,0.8028720626631853,0.9999971386982667
80,2,1.0,1.0,1.0,0.0,0.0,0.0,0.8156565656565657,0.8156565656565656,0.0,0.8426892950391645,0.7558564540923576
80,3,0.0,0.0,0.0,0.0,0.0,0.0,0.7948232323232324,0.7948232323232324,0.0,0.8211488250652742,0.999997071236681
80,4,0.0,0.0,0.0,0.0,0.0,0.0,0.0,0.0,0.0,0.0,1.0
80,5,0.0,0.0,0.0,0.0,0.0,0.0,0.0,0.0,0.0,0.0,1.0
80,6,0.0,0.0,0.0,0.0,0.0,0.0,0.0,0.0,0.0,0.0,1.0
80,7,0.0,0.0,0.0,0.0,0.0,0.0,0.0,0.0,0.0,0.0,1.0
90,0,0.0,0.0,0.0,0.0,0.0,0.0,0.7695707070707072,0.7695707070707071,0.0,0.0,0.9999971642871439
90,1,0.0,0.0,0.0,0.0,0.0,0.0,0.7765151515151516,0.7765151515151515,0.0,0.0,0.9999971386982667
90,2,1.0,1.0,0.0,0.0,0.0,0.0,0.8150252525252526,0.8150252525252526,0.0,0.0,0.755856456418619
90,3,0.0,0.0,0.0,0.0,0.0,0.0,0.7941919191919192,0.7941919191919192,0.0,0.0,0.9999970735629429
90,4,0.0,0.0,0.0,0.0,0.0,0.0,0.0,0.0,0.0,0.0,1.0
90,5,0.0,0.0,0.0,0.0,0.0,0.0,0.0,0.0,0.0,0.0,1.0
90,6,0.0,0.0,0.0,0.0,0.0,0.0,0.0,0.0,0.0,0.0,1.0
90,7,0.0,0.0,0.0,0.0,0.0,0.0,0.0,0.0,0.0,0.0,1.0
0,0,1.0,1.0,1.0,0.0,0.0,0.0,0.9438131313131314,0.9438131313131313,0.0,0.7571801566579635,0.7558559818612585
0,1,0.0,0.0,0.0,0.0,0.0,0.0,0.898358585858586,0.8983585858585859,0.0,0.9216710182767625,0.9999966897297834
0,2,0.0,0.0,0.0,0.0,0.0,0.0,0.6982323232323233,0.6982323232323232,0.0,0.6677545691906005,0.9999974271547014
0,3,0.0,0.0,0.0,0.0,0.0,0.0,0.6161616161616162,0.6161616161616162,0.0,0.6442558746736292,0.9999977295687059
0,4,0.0,0.0,0.0,0.0,0.0,0.0,0.0,0.0,0.0,0.0,1.0
0,5,0.0,0.0,0.0,0.0,0.0,0.0,0.0,0.0,0.0,0.0,1.0
0,6,0.0,0.0,0.0,0.0,0.0,0.0,0.0,0.0,0.0,0.0,1.0
0,7,0.0,0.0,0.0,0.0,0.0,0.0,0.0,0.0,0.0,0.0,1.0
10,0,1.0,1.0,1.0,0.0,0.0,0.0,0.7323232323232324,0.7323232323232324,0.0,0.6892950391644909,0.7558567611588851
10,1,0.0,0.0,0.0,0.0,0.0,0.0,0.8914141414141414,0.8914141414141414,0.0,0.9112271540469974,0.9999967153186606
10,2,0.0,0.0,0.0,0.0,0.0,0.0,0.6458333333333334,0.6458333333333334,0.0,0.6390339425587468,0.9999976202344119
10,3,0.0,0.0,0.0,0.0,0.0,0.0,0.6231060606060607,0.6231060606060607,0.0,0.6488250652741514,0.9999977039798287
10,4,0.0,0.0,0.0,0.0,0.0,0.0,0.0,0.0,0.0,0.0,1.0
10,5,0.0,0.0,0.0,0.0,0.0,0.0,0.0,0.0,0.0,0.0,1.0
10,6,0.0,0.0,0.0,0.0,0.0,0.0,0.0,0.0,0.0,0.0,1.0
10,7,0.0,0.0,0.0,0.0,0.0,0.0,0.0,0.0,0.0,0.0,1.0
20,0,1.0,1.0,1.0,0.0,0.0,0.0,0.6666666666666667,0.6666666666666667,0.0,0.6462140992167101,0.7558570030900884
20,1,0.0,0.0,0.0,0.0,0.0,0.0,0.8813131313131314,0.8813131313131313,0.0,0.8942558746736292,0.9999967525388458
20,2,0.0,0.0,0.0,0.0,0.0,0.0,0.6180555555555556,0.6180555555555556,0.0,0.6194516971279374,0.9999977225899213
20,3,0.0,0.0,0.0,0.0,0.0,0.0,0.6275252525252526,0.6275252525252525,0.0,0.6527415143603134,0.9999976876959975
20,4,0.0,0.0,0.0,0.0,0.0,0.0,0.0,0.0,0.0,0.0,1.0
20,5,0.0,0.0,0.0,0.0,0.0,0.0,0.0,0.0,0.0,0.0,1.0
20,6,0.0,0.0,0.0,0.0,0.0,0.0,0.0,0.0,0.0,0.0,1.0
20,7,0.0,0.0,0.0,0.0,0.0,0.0,0.0,0.0,0.0,0.0,1.0
30,0,1.0,1.0,1.0,0.0,0.0,0.0,0.625,0.625,0.0,0.6011749347258486,0.7558571566233523
30,1,0.0,0.0,0.0,0.0,0.0,0.0,0.86489898989899,0.8648989898989898,0.0,0.8864229765013055,0.9999968130216468
30,2,0.0,0.0,0.0,0.0,0.0,0.0,0.5991161616161617,0.5991161616161617,0.0,0.5985639686684073,0.9999977923777683
30,3,0.0,0.0,0.0,0.0,0.0,0.0,0.6313131313131314,0.6313131313131314,0.0,0.6553524804177546,0.9999976737384282
30,4,0.0,0.0,0.0,0.0,0.0,0.0,0.0,0.0,0.0,0.0,1.0
30,5,0.0,0.0,0.0,0.0,0.0,0.0,0.0,0.0,0.0,0.0,1.0
30,6,0.0,0.0,0.0,0.0,0.0,0.0,0.0,0.0,0.0,0.0,1.0
30,7,0.0,0.0,0.0,0.0,0.0,0.0,0.0,0.0,0.0,0.0,1.0
40,0,1.0,1.0,1.0,0.0,0.0,0.0,0.581439393939394,0.5814393939393939,0.0,0.5691906005221932,0.7558573171354006
40,1,0.0,0.0,0.0,0.0,0.0,0.0,0.8573232323232324,0.8573232323232324,0.0,0.8746736292428199,0.9999968409367854
40,2,0.0,0.0,0.0,0.0,0.0,0.0,0.5789141414141414,0.5789141414141414,0.0,0.5776762402088773,0.9999978668181386
40,3,0.0,0.0,0.0,0.0,0.0,0.0,0.6338383838383839,0.633838383838384,0.0,0.6573107049608355,0.9999976644333821
40,4,0.0,0.0,0.0,0.0,0.0,0.0,0.0,0.0,0.0,0.0,1.0
40,5,0.0,0.0,0.0,0.0,0.0,0.0,0.0,0.0,0.0,0.0,1.0
40,6,0.0,0.0,0.0,0.0,0.0,0.0,0.0,0.0,0.0,0.0,1.0
40,7,0.0,0.0,0.0,0.0,0.0,0.0,0.0,0.0,0.0,0.0,1.0
50,0,1.0,1.0,1.0,0.0,0.0,0.0,0.5505050505050505,0.5505050505050505,0.0,0.5300261096605744,0.7558574311222175
50,1,0.0,0.0,0.0,0.0,0.0,0.0,0.845959595959596,0.845959595959596,0.0,0.8694516971279374,0.9999968828094938
50,2,0.0,0.0,0.0,0.0,0.0,0.0,0.5587121212121212,0.5587121212121212,0.0,0.5502610966057442,0.9999979412585089
50,3,0.0,0.0,0.0,0.0,0.0,0.0,0.6357323232323233,0.6357323232323232,0.0,0.6657963446475196,0.999997657454597
50,4,0.0,0.0,0.0,0.0,0.0,0.0,0.0,0.0,0.0,0.0,1.0
50,5,0.0,0.0,0.0,0.0,0.0,0.0,0.0,0.0,0.0,0.0,1.0
50,6,0.0,0.0,0.0,0.0,0.0,0.0,0.0,0.0,0.0,0.0,1.0
50,7,0.0,0.0,0.0,0.0,0.0,0.0,0.0,0.0,0.0,0.0,1.0
60,0,1.0,1.0,1.0,0.0,0.0,0.0,0.5126262626262627,0.5126262626262627,0.0,0.5019582245430809,0.755857570697912
60,1,0.0,0.0,0.0,0.0,0.0,0.0,0.8409090909090909,0.8409090909090909,0.0,0.8544386422976501,0.9999969014195869
60,2,0.0,0.0,0.0,0.0,0.0,0.0,0.5321969696969697,0.5321969696969697,0.0,0.5411227154046997,0.9999980389614951
60,3,0.0,0.0,0.0,0.0,0.0,0.0,0.643939393939394,0.6439393939393939,0.0,0.6677545691906005,0.999997627213197
60,4,0.0,0.0,0.0,0.0,0.0,0.0,0.0,0.0,0.0,0.0,1.0
60,5,0.0,0.0,0.0,0.0,0.0,0.0,0.0,0.0,0.0,0.0,1.0
60,6,0.0,0.0,0.0,0.0,0.0,0.0,0.0,0.0,0.0,0.0,1.0
60,7,0.0,0.0,0.0,0.0,0.0,0.0,0.0,0.0,0.0,0.0,1.0
70,0,1.0,1.0,1.0,0.0,0.0,0.0,0.485479797979798,0.48547979797979796,0.0,0.4745430809399478,0.7558576707271594
70,1,0.0,0.0,0.0,0.0,0.0,0.0,0.826388888888889,0.826388888888889,0.0,0.8459530026109661,0.9999969549236023
70,2,0.0,0.0,0.0,0.0,0.0,0.0,0.5233585858585859,0.5233585858585859,0.0,0.5261096605744126,0.999998071529157
70,3,0.0,0.0,0.0,0.0,0.0,0.0,0.6458333333333334,0.6458333333333334,0.0,0.6697127937336814,0.9999976202344119
70,4,0.0,0.0,0.0,0.0,0.0,0.0,0.0,0.0,0.0,0.0,1.0
70,5,0.0,0.0,0.0,0.0,0.0,0.0,0.0,0.0,0.0,0.0,1.0
70,6,0.0,0.0,0.0,0.0,0.0,0.0,0.0,0.0,0.0,0.0,1.0
70,7,0.0,0.0,0.0,0.0,0.0,0.0,0.0,0.0,0.0,0.0,1.0
80,0,1.0,1.0,1.0,0.0,0.0,0.0,0.4589646464646465,0.4589646464646464,0.0,0.4510443864229765,0.7558577684301455
80,1,0.0,0.0,0.0,0.0,0.0,0.0,0.8181818181818182,0.8181818181818182,0.0,0.8322454308093995,0.9999969851650028
80,2,0.0,0.0,0.0,0.0,0.0,0.0,0.5088383838383839,0.5088383838383839,0.0,0.5137075718015666,0.9999981250331729
80,3,0.0,0.0,0.0,0.0,0.0,0.0,0.6477272727272728,0.6477272727272727,0.0,0.6755874673629243,0.9999976132556272
80,4,0.0,0.0,0.0,0.0,0.0,0.0,0.0,0.0,0.0,0.0,1.0
80,5,0.0,0.0,0.0,0.0,0.0,0.0,0.0,0.0,0.0,0.0,1.0
80,6,0.0,0.0,0.0,0.0,0.0,0.0,0.0,0.0,0.0,0.0,1.0
80,7,0.0,0.0,0.0,0.0,0.0,0.0,0.0,0.0,0.0,0.0,1.0
90,0,1.0,1.0,0.0,0.0,0.0,0.0,0.43623737373737376,0.43623737373737376,0.0,0.0,0.7558578521755619
90,1,0.0,0.0,0.0,0.0,0.0,0.0,0.8049242424242425,0.8049242424242425,0.0,0.0,0.9999970340164959
90,2,0.0,0.0,0.0,0.0,0.0,0.0,0.49684343434343436,0.49684343434343436,0.0,0.0,0.9999981692321427
90,3,0.0,0.0,0.0,0.0,0.0,0.0,0.6534090909090909,0.6534090909090909,0.0,0.0,0.9999975923192732
90,4,0.0,0.0,0.0,0.0,0.0,0.0,0.0,0.0,0.0,0.0,1.0
90,5,0.0,0.0,0.0,0.0,0.0,0.0,0.0,0.0,0.0,0.0,1.0
90,6,0.0,0.0,0.0,0.0,0.0,0.0,0.0,0.0,0.0,0.0,1.0
90,7,0.0,0.0,0.0,0.0,0.0,0.0,0.0,0.0,0.0,0.0,1.0
0,0,0.0,0.0,0.0,0.0,0.0,0.0,0.0,0.0,0.0,0.0,1.0
0,1,0.0,0.0,0.0,0.0,0.0,0.0,0.0,0.0,0.0,0.0,1.0
0,2,0.0,0.0,0.0,0.0,0.0,0.0,0.0,0.0,0.0,0.0,1.0
0,3,0.0,0.0,0.0,1.0,1.0,1.0,0.0,0.0,0.0,0.0,3.466129741003243e-07
0,4,0.0,0.0,0.0,0.0,0.0,0.0,0.8339646464646465,0.8339646464646465,0.0,0.7467362924281984,0.9999969270084637
0,5,0.0,0.0,0.0,0.0,0.0,0.0,0.7512626262626263,0.7512626262626263,0.0,0.7826370757180157,0.9999972317487296
0,6,1.0,1.0,1.0,0.0,0.0,0.0,0.8162878787878789,0.8162878787878788,0.0,0.7278067885117494,0.7558564517660962
0,7,0.0,0.0,0.0,0.0,0.0,0.0,0.7550505050505051,0.7550505050505051,0.0,0.7865535248041775,0.9999972177911598
10,0,0.0,0.0,0.0,0.0,0.0,0.0,0.0,0.0,0.0,0.0,1.0
10,1,0.0,0.0,0.0,0.0,0.0,0.0,0.0,0.0,0.0,0.0,1.0
10,2,0.0,0.0,0.0,0.0,0.0,0.0,0.0,0.0,0.0,0.0,1.0
10,3,0.0,0.0,0.0,1.0,1.0,1.0,0.0,0.0,0.0,0.0,3.466129741003243e-07
10,4,0.0,0.0,0.0,0.0,0.0,0.0,0.7222222222222223,0.7222222222222223,0.0,0.7095300261096605,0.9999973387567618
10,5,0.0,0.0,0.0,0.0,0.0,0.0,0.7569444444444445,0.7569444444444444,0.0,0.7826370757180157,0.9999972108123751
10,6,1.0,1.0,1.0,0.0,0.0,0.0,0.7039141414141414,0.7039141414141414,0.0,0.6892950391644909,0.7558568658406557
10,7,0.0,0.0,0.0,0.0,0.0,0.0,0.7607323232323233,0.7607323232323232,0.0,0.7865535248041775,0.9999971968548063
20,0,0.0,0.0,0.0,0.0,0.0,0.0,0.0,0.0,0.0,0.0,1.0
20,1,0.0,0.0,0.0,0.0,0.0,0.0,0.0,0.0,0.0,0.0,1.0
20,2,0.0,0.0,0.0,0.0,0.0,0.0,0.0,0.0,0.0,0.0,1.0
20,3,0.0,0.0,0.0,1.0,1.0,1.0,0.0,0.0,0.0,0.0,3.466129741003243e-07
20,4,0.0,0.0,0.0,0.0,0.0,0.0,0.6862373737373738,0.6862373737373738,0.0,0.6834203655352481,0.9999974713536712
20,5,0.0,0.0,0.0,0.0,0.0,0.0,0.7569444444444445,0.7569444444444444,0.0,0.7826370757180157,0.9999972108123751
20,6,1.0,1.0,1.0,0.0,0.0,0.0,0.6666666666666667,0.6666666666666667,0.0,0.6625326370757181,0.7558570030900884
20,7,0.0,0.0,0.0,0.0,0.0,0.0,0.7607323232323233,0.7607323232323232,0.0,0.7865535248041775,0.9999971968548063
30,0,0.0,0.0,0.0,0.0,0.0,0.0,0.0,0.0,0.0,0.0,1.0
30,1,0.0,0.0,0.0,0.0,0.0,0.0,0.0,0.0,0.0,0.0,1.0
30,2,0.0,0.0,0.0,0.0,0.0,0.0,0.0,0.0,0.0,0.0,1.0
30,3,0.0,0.0,0.0,1.0,1.0,1.0,0.0,0.0,0.0,0.0,3.466129741003243e-07
30,4,0.0,0.0,0.0,0.0,0.0,0.0,0.6609848484848485,0.6609848484848485,0.0,0.6527415143603134,0.9999975644041346
30,5,0.0,0.0,0.0,0.0,0.0,0.0,0.7569444444444445,0.7569444444444444,0.0,0.7826370757180157,0.9999972108123751
30,6,1.0,1.0,1.0,0.0,0.0,0.0,0.6407828282828283,0.6407828282828283,0.0,0.641644908616188,0.7558570984668129
30,7,0.0,0.0,0.0,0.0,0.0,0.0,0.7607323232323233,0.7607323232323232,0.0,0.7865535248041775,0.9999971968548063
40,0,0.0,0.0,0.0,0.0,0.0,0.0,0.0,0.0,0.0,0.0,1.0
40,1,0.0,0.0,0.0,0.0,0.0,0.0,0.0,0.0,0.0,0.0,1.0
40,2,0.0,0.0,0.0,0.0,0.0,0.0,0.0,0.0,0.0,0.0,1.0
40,3,0.0,0.0,0.0,1.0,1.0,1.0,0.0,0.0,0.0,0.0,3.466129741003243e-07
40,4,0.0,0.0,0.0,0.0,0.0,0.0,0.6313131313131314,0.6313131313131314,0.0,0.6364229765013055,0.9999976737384282
40,5,0.0,0.0,0.0,0.0,0.0,0.0,0.7569444444444445,0.7569444444444444,0.0,0.7845953002610966,0.9999972108123751
40,6,1.0,1.0,1.0,0.0,0.0,0.0,0.6205808080808082,0.6205808080808083,0.0,0.6207571801566579,0.7558571729071832
40,7,0.0,0.0,0.0,0.0,0.0,0.0,0.7607323232323233,0.7607323232323232,0.0,0.7859007832898173,0.9999971968548063
50,0,0.0,0.0,0.0,0.0,0.0,0.0,0.0,0.0,0.0,0.0,1.0
50,1,0.0,0.0,0.0,0.0,0.0,0.0,0.0,0.0,0.0,0.0,1.0
50,2,0.0,0.0,0.0,0.0,0.0,0.0,0.0,0.0,0.0,0.0,1.0
50,3,0.0,0.0,0.0,1.0,1.0,1.0,0.0,0.0,0.0,0.0,3.466129741003243e-07
50,4,0.0,0.0,0.0,0.0,0.0,0.0,0.6155303030303031,0.6155303030303031,0.0,0.6161879895561357,0.9999977318949673
50,5,0.0,0.0,0.0,0.0,0.0,0.0,0.7588383838383839,0.7588383838383839,0.0,0.7865535248041775,0.9999972038335905
50,6,1.0,1.0,1.0,0.0,0.0,0.0,0.600378787878788,0.600378787878788,0.0,0.6024804177545692,0.755857247347554
50,7,0.0,0.0,0.0,0.0,0.0,0.0,0.7601010101010102,0.76010101010101,0.0,0.793733681462141,0.9999971991810677
60,0,0.0,0.0,0.0,0.0,0.0,0.0,0.0,0.0,0.0,0.0,1.0
60,1,0.0,0.0,0.0,0.0,0.0,0.0,0.0,0.0,0.0,0.0,1.0
60,2,0.0,0.0,0.0,0.0,0.0,0.0,0.0,0.0,0.0,0.0,1.0
60,3,0.0,0.0,0.0,1.0,1.0,1.0,0.0,0.0,0.0,0.0,3.466129741003243e-07
60,4,0.0,0.0,0.0,0.0,0.0,0.0,0.595959595959596,0.595959595959596,0.0,0.597911227154047,0.9999978040090758
60,5,0.0,0.0,0.0,0.0,0.0,0.0,0.7607323232323233,0.7607323232323232,0.0,0.7865535248041775,0.9999971968548063
60,6,1.0,1.0,1.0,0.0,0.0,0.0,0.5827020202020202,0.5827020202020202,0.0,0.5913838120104439,0.7558573124828774
60,7,0.0,0.0,0.0,0.0,0.0,0.0,0.7676767676767677,0.7676767676767677,0.0,0.7943864229765013,0.9999971712659286
70,0,0.0,0.0,0.0,0.0,0.0,0.0,0.0,0.0,0.0,0.0,1.0
70,1,0.0,0.0,0.0,0.0,0.0,0.0,0.0,0.0,0.0,0.0,1.0
70,2,0.0,0.0,0.0,0.0,0.0,0.0,0.0,0.0,0.0,0.0,1.0
70,3,0.0,0.0,0.0,1.0,1.0,1.0,0.0,0.0,0.0,0.0,3.466129741003243e-07
70,4,0.0,0.0,0.0,0.0,0.0,0.0,0.5782828282828283,0.5782828282828283,0.0,0.5861618798955613,0.9999978691444
70,5,0.0,0.0,0.0,0.0,0.0,0.0,0.7607323232323233,0.7607323232323232,0.0,0.7852480417754569,0.9999971968548063
70,6,1.0,1.0,1.0,0.0,0.0,0.0,0.571969696969697,0.571969696969697,0.0,0.5796344647519582,0.7558573520293244
70,7,0.0,0.0,0.0,0.0,0.0,0.0,0.7683080808080809,0.7683080808080809,0.0,0.7950391644908616,0.9999971689396672
80,0,0.0,0.0,0.0,0.0,0.0,0.0,0.0,0.0,0.0,0.0,1.0
80,1,0.0,0.0,0.0,0.0,0.0,0.0,0.0,0.0,0.0,0.0,1.0
80,2,0.0,0.0,0.0,0.0,0.0,0.0,0.0,0.0,0.0,0.0,1.0
80,3,0.0,0.0,0.0,1.0,1.0,1.0,0.0,0.0,0.0,0.0,3.466129741003243e-07
80,4,0.0,0.0,0.0,0.0,0.0,0.0,0.5669191919191919,0.566919191919192,0.0,0.5724543080939948,0.9999979110171084
80,5,0.0,0.0,0.0,0.0,0.0,0.0,0.759469696969697,0.7594696969696969,0.0,0.783289817232376,0.9999972015073295
80,6,1.0,1.0,1.0,0.0,0.0,0.0,0.5606060606060607,0.5606060606060607,0.0,0.5620104438642298,0.7558573939020323
80,7,0.0,0.0,0.0,0.0,0.0,0.0,0.768939393939394,0.768939393939394,0.0,0.793733681462141,0.9999971666134058
90,0,0.0,0.0,0.0,0.0,0.0,0.0,0.0,0.0,0.0,0.0,1.0
90,1,0.0,0.0,0.0,0.0,0.0,0.0,0.0,0.0,0.0,0.0,1.0
90,2,0.0,0.0,0.0,0.0,0.0,0.0,0.0,0.0,0.0,0.0,1.0
90,3,0.0,0.0,0.0,1.0,1.0,0.0,0.0,0.0,0.0,0.0,3.466129741003243e-07
90,4,0.0,0.0,0.0,0.0,0.0,0.0,0.5536616161616162,0.5536616161616162,0.0,0.0,0.9999979598686015
90,5,0.0,0.0,0.0,0.0,0.0,0.0,0.7575757575757577,0.7575757575757576,0.0,0.0,0.9999972084861137
90,6,1.0,1.0,0.0,0.0,0.0,0.0,0.5435606060606061,0.5435606060606061,0.0,0.0,0.7558574567110947
90,7,0.0,0.0,0.0,0.0,0.0,0.0,0.7676767676767677,0.7676767676767677,0.0,0.0,0.9999971712659286
0,0,1.0,1.0,1.0,0.0,0.0,0.0,0.9917929292929294,0.9917929292929293,0.0,0.8074412532637076,0.755855805065379
0,1,0.0,0.0,0.0,0.0,0.0,0.0,0.8390151515151516,0.8390151515151515,0.0,0.860313315926893,0.9999969083983711
0,2,0.0,0.0,0.0,0.0,0.0,0.0,0.7171717171717172,0.7171717171717171,0.0,0.6945169712793734,0.9999973573668544
0,3,0.0,0.0,0.0,0.0,0.0,0.0,0.6085858585858587,0.6085858585858586,0.0,0.6338120104438643,0.9999977574838446
0,4,0.0,0.0,0.0,0.0,0.0,0.0,0.0,0.0,0.0,0.0,1.0
0,5,0.0,0.0,0.0,0.0,0.0,0.0,0.0,0.0,0.0,0.0,1.0
0,6,0.0,0.0,0.0,0.0,0.0,0.0,0.0,0.0,0.0,0.0,1.0
0,7,0.0,0.0,0.0,0.0,0.0,0.0,0.0,0.0,0.0,0.0,1.0
10,0,1.0,1.0,1.0,0.0,0.0,0.0,0.7809343434343435,0.7809343434343434,0.0,0.7565274151436031,0.755856582036744
10,1,0.0,0.0,0.0,0.0,0.0,0.0,0.8320707070707072,0.8320707070707071,0.0,0.8498694516971279,0.9999969339872488
10,2,0.0,0.0,0.0,0.0,0.0,0.0,0.6717171717171718,0.6717171717171717,0.0,0.6657963446475196,0.9999975248576876
10,3,0.0,0.0,0.0,0.0,0.0,0.0,0.6130050505050506,0.6130050505050505,0.0,0.6370757180156658,0.9999977412000138
10,4,0.0,0.0,0.0,0.0,0.0,0.0,0.0,0.0,0.0,0.0,1.0
10,5,0.0,0.0,0.0,0.0,0.0,0.0,0.0,0.0,0.0,0.0,1.0
10,6,0.0,0.0,0.0,0.0,0.0,0.0,0.0,0.0,0.0,0.0,1.0
10,7,0.0,0.0,0.0,0.0,0.0,0.0,0.0,0.0,0.0,0.0,1.0
20,0,1.0,1.0,1.0,0.0,0.0,0.0,0.7316919191919192,0.7316919191919192,0.0,0.7056135770234987,0.7558567634851465
20,1,0.0,0.0,0.0,0.0,0.0,0.0,0.821969696969697,0.8219696969696969,0.0,0.8407310704960835,0.9999969712074339
20,2,0.0,0.0,0.0,0.0,0.0,0.0,0.643939393939394,0.6439393939393939,0.0,0.6449086161879896,0.999997627213197
20,3,0.0,0.0,0.0,0.0,0.0,0.0,0.6161616161616162,0.6161616161616162,0.0,0.639686684073107,0.9999977295687059
20,4,0.0,0.0,0.0,0.0,0.0,0.0,0.0,0.0,0.0,0.0,1.0
20,5,0.0,0.0,0.0,0.0,0.0,0.0,0.0,0.0,0.0,0.0,1.0
20,6,0.0,0.0,0.0,0.0,0.0,0.0,0.0,0.0,0.0,0.0,1.0
20,7,0.0,0.0,0.0,0.0,0.0,0.0,0.0,0.0,0.0,0.0,1.0
30,0,1.0,1.0,1.0,0.0,0.0,0.0,0.682449494949495,0.682449494949495,0.0,0.6671018276762403,0.755856944933549
30,1,0.0,0.0,0.0,0.0,0.0,0.0,0.8131313131313131,0.8131313131313131,0.0,0.835509138381201,0.9999970037750958
30,2,0.0,0.0,0.0,0.0,0.0,0.0,0.6237373737373738,0.6237373737373739,0.0,0.6253263707571801,0.9999977016535673
30,3,0.0,0.0,0.0,0.0,0.0,0.0,0.6186868686868687,0.6186868686868687,0.0,0.6403394255874674,0.9999977202636594
30,4,0.0,0.0,0.0,0.0,0.0,0.0,0.0,0.0,0.0,0.0,1.0
30,5,0.0,0.0,0.0,0.0,0.0,0.0,0.0,0.0,0.0,0.0,1.0
30,6,0.0,0.0,0.0,0.0,0.0,0.0,0.0,0.0,0.0,0.0,1.0
30,7,0.0,0.0,0.0,0.0,0.0,0.0,0.0,0.0,0.0,0.0,1.0
40,0,1.0,1.0,1.0,0.0,0.0,0.0,0.6452020202020202,0.6452020202020202,0.0,0.6364229765013055,0.755857082182982
40,1,0.0,0.0,0.0,0.0,0.0,0.0,0.8080808080808082,0.8080808080808082,0.0,0.827023498694517,0.9999970223851884
40,2,0.0,0.0,0.0,0.0,0.0,0.0,0.6047979797979799,0.6047979797979798,0.0,0.6096605744125326,0.9999977714414143
40,3,0.0,0.0,0.0,0.0,0.0,0.0,0.6193181818181819,0.6193181818181819,0.0,0.6422976501305483,0.999997717937398
40,4,0.0,0.0,0.0,0.0,0.0,0.0,0.0,0.0,0.0,0.0,1.0
40,5,0.0,0.0,0.0,0.0,0.0,0.0,0.0,0.0,0.0,0.0,1.0
40,6,0.0,0.0,0.0,0.0,0.0,0.0,0.0,0.0,0.0,0.0,1.0
40,7,0.0,0.0,0.0,0.0,0.0,0.0,0.0,0.0,0.0,0.0,1.0
50,0,1.0,1.0,1.0,0.0,0.0,0.0,0.6155303030303031,0.6155303030303031,0.0,0.6031331592689295,0.7558571915172756
50,1,0.0,0.0,0.0,0.0,0.0,0.0,0.7998737373737375,0.7998737373737373,0.0,0.8204960835509139,0.9999970526265884
50,2,0.0,0.0,0.0,0.0,0.0,0.0,0.5896464646464648,0.5896464646464646,0.0,0.5796344647519582,0.9999978272716921
50,3,0.0,0.0,0.0,0.0,0.0,0.0,0.6212121212121212,0.6212121212121213,0.0,0.6475195822454308,0.9999977109586133
50,4,0.0,0.0,0.0,0.0,0.0,0.0,0.0,0.0,0.0,0.0,1.0
50,5,0.0,0.0,0.0,0.0,0.0,0.0,0.0,0.0,0.0,0.0,1.0
50,6,0.0,0.0,0.0,0.0,0.0,0.0,0.0,0.0,0.0,0.0,1.0
50,7,0.0,0.0,0.0,0.0,0.0,0.0,0.0,0.0,0.0,0.0,1.0
60,0,1.0,1.0,1.0,0.0,0.0,0.0,0.5833333333333334,0.5833333333333334,0.0,0.5659268929503917,0.755857310156616
60,1,0.0,0.0,0.0,0.0,0.0,0.0,0.7935606060606061,0.7935606060606061,0.0,0.8067885117493473,0.9999970758892043
60,2,0.0,0.0,0.0,0.0,0.0,0.0,0.5606060606060607,0.5606060606060607,0.0,0.5685378590078329,0.9999979342797243
60,3,0.0,0.0,0.0,0.0,0.0,0.0,0.6262626262626263,0.6262626262626264,0.0,0.6501305483028721,0.9999976923485208
60,4,0.0,0.0,0.0,0.0,0.0,0.0,0.0,0.0,0.0,0.0,1.0
60,5,0.0,0.0,0.0,0.0,0.0,0.0,0.0,0.0,0.0,0.0,1.0
60,6,0.0,0.0,0.0,0.0,0.0,0.0,0.0,0.0,0.0,0.0,1.0
60,7,0.0,0.0,0.0,0.0,0.0,0.0,0.0,0.0,0.0,0.0,1.0
70,0,1.0,1.0,1.0,0.0,0.0,0.0,0.5473484848484849,0.5473484848484849,0.0,0.5450391644908616,0.7558574427535256
70,1,0.0,0.0,0.0,0.0,0.0,0.0,0.7803030303030304,0.7803030303030303,0.0,0.7996083550913838,0.9999971247406974
70,2,0.0,0.0,0.0,0.0,0.0,0.0,0.5498737373737375,0.5498737373737373,0.0,0.5567885117493473,0.9999979738261708
70,3,0.0,0.0,0.0,0.0,0.0,0.0,0.6287878787878789,0.6287878787878789,0.0,0.6501305483028721,0.9999976830434743
70,4,0.0,0.0,0.0,0.0,0.0,0.0,0.0,0.0,0.0,0.0,1.0
70,5,0.0,0.0,0.0,0.0,0.0,0.0,0.0,0.0,0.0,0.0,1.0
70,6,0.0,0.0,0.0,0.0,0.0,0.0,0.0,0.0,0.0,0.0,1.0
70,7,0.0,0.0,0.0,0.0,0.0,0.0,0.0,0.0,0.0,0.0,1.0
80,0,1.0,1.0,1.0,0.0,0.0,0.0,0.5271464646464646,0.5271464646464646,0.0,0.5163185378590078,0.7558575171938959
80,1,0.0,0.0,0.0,0.0,0.0,0.0,0.773358585858586,0.7733585858585859,0.0,0.7891644908616188,0.9999971503295746
80,2,0.0,0.0,0.0,0.0,0.0,0.0,0.5385101010101011,0.538510101010101,0.0,0.5430809399477807,0.9999980156988793
80,3,0.0,0.0,0.0,0.0,0.0,0.0,0.6287878787878789,0.6287878787878789,0.0,0.652088772845953,0.9999976830434743
80,4,0.0,0.0,0.0,0.0,0.0,0.0,0.0,0.0,0.0,0.0,1.0
80,5,0.0,0.0,0.0,0.0,0.0,0.0,0.0,0.0,0.0,0.0,1.0
80,6,0.0,0.0,0.0,0.0,0.0,0.0,0.0,0.0,0.0,0.0,1.0
80,7,0.0,0.0,0.0,0.0,0.0,0.0,0.0,0.0,0.0,0.0,1.0
90,0,1.0,1.0,0.0,0.0,0.0,0.0,0.4993686868686869,0.4993686868686869,0.0,0.0,0.7558576195494049
90,1,0.0,0.0,0.0,0.0,0.0,0.0,0.7632575757575758,0.7632575757575758,0.0,0.0,0.9999971875497597
90,2,0.0,0.0,0.0,0.0,0.0,0.0,0.5252525252525253,0.5252525252525253,0.0,0.0,0.9999980645503723
90,3,0.0,0.0,0.0,0.0,0.0,0.0,0.6306818181818182,0.6306818181818182,0.0,0.0,0.9999976760646896
90,4,0.0,0.0,0.0,0.0,0.0,0.0,0.0,0.0,0.0,0.0,1.0
90,5,0.0,0.0,0.0,0.0,0.0,0.0,0.0,0.0,0.0,0.0,1.0
90,6,0.0,0.0,0.0,0.0,0.0,0.0,0.0,0.0,0.0,0.0,1.0
90,7,0.0,0.0,0.0,0.0,0.0,0.0,0.0,0.0,0.0,0.0,1.0
0,0,0.0,0.0,0.0,0.0,0.0,0.0,0.8655303030303031,0.865530303030303,0.0,0.77088772845953,0.9999968106953849
0,1,0.0,0.0,0.0,0.0,0.0,0.0,0.7234848484848485,0.7234848484848485,0.0,0.7532637075718016,0.999997334104239
0,2,1.0,1.0,1.0,0.0,0.0,0.0,0.8383838383838385,0.8383838383838383,0.0,0.7402088772845953,0.755856370346941
0,3,0.0,0.0,0.0,0.0,0.0,0.0,0.7291666666666667,0.7291666666666667,0.0,0.7617493472584856,0.9999973131678845
0,4,0.0,0.0,0.0,0.0,0.0,0.0,0.0,0.0,0.0,0.0,1.0
0,5,0.0,0.0,0.0,0.0,0.0,0.0,0.0,0.0,0.0,0.0,1.0
0,6,0.0,0.0,0.0,0.0,0.0,0.0,0.0,0.0,0.0,0.0,1.0
0,7,0.0,0.0,0.0,0.0,0.0,0.0,0.0,0.0,0.0,0.0,1.0
10,0,0.0,0.0,0.0,0.0,0.0,0.0,0.7455808080808082,0.7455808080808082,0.0,0.7304177545691906,0.9999972526850835
10,1,0.0,0.0,0.0,0.0,0.0,0.0,0.7285353535353536,0.7285353535353536,0.0,0.7539164490861618,0.9999973154941459
10,2,1.0,1.0,1.0,0.0,0.0,0.0,0.7159090909090909,0.7159090909090909,0.0,0.7043080939947781,0.7558568216416859
10,3,0.0,0.0,0.0,0.0,0.0,0.0,0.7367424242424243,0.7367424242424242,0.0,0.7610966057441253,0.9999972852527454
10,4,0.0,0.0,0.0,0.0,0.0,0.0,0.0,0.0,0.0,0.0,1.0
10,5,0.0,0.0,0.0,0.0,0.0,0.0,0.0,0.0,0.0,0.0,1.0
10,6,0.0,0.0,0.0,0.0,0.0,0.0,0.0,0.0,0.0,0.0,1.0
10,7,0.0,0.0,0.0,0.0,0.0,0.0,0.0,0.0,0.0,0.0,1.0
20,0,0.0,0.0,0.0,0.0,0.0,0.0,0.706439393939394,0.706439393939394,0.0,0.7016971279373369,0.9999973969133009
20,1,0.0,0.0,0.0,0.0,0.0,0.0,0.7291666666666667,0.7291666666666667,0.0,0.7539164490861618,0.9999973131678845
20,2,1.0,1.0,1.0,0.0,0.0,0.0,0.6811868686868687,0.6811868686868687,0.0,0.6716710182767625,0.7558569495860723
20,3,0.0,0.0,0.0,0.0,0.0,0.0,0.7361111111111112,0.7361111111111112,0.0,0.7610966057441253,0.9999972875790077
20,4,0.0,0.0,0.0,0.0,0.0,0.0,0.0,0.0,0.0,0.0,1.0
20,5,0.0,0.0,0.0,0.0,0.0,0.0,0.0,0.0,0.0,0.0,1.0
20,6,0.0,0.0,0.0,0.0,0.0,0.0,0.0,0.0,0.0,0.0,1.0
20,7,0.0,0.0,0.0,0.0,0.0,0.0,0.0,0.0,0.0,0.0,1.0
30,0,0.0,0.0,0.0,0.0,0.0,0.0,0.6786616161616162,0.6786616161616162,0.0,0.6716710182767625,0.9999974992688103
30,1,0.0,0.0,0.0,0.0,0.0,0.0,0.7291666666666667,0.7291666666666667,0.0,0.7539164490861618,0.9999973131678845
30,2,1.0,1.0,1.0,0.0,0.0,0.0,0.6496212121212122,0.6496212121212122,0.0,0.6468668407310705,0.7558570658991506
30,3,0.0,0.0,0.0,0.0,0.0,0.0,0.7361111111111112,0.7361111111111112,0.0,0.7610966057441253,0.9999972875790077
30,4,0.0,0.0,0.0,0.0,0.0,0.0,0.0,0.0,0.0,0.0,1.0
30,5,0.0,0.0,0.0,0.0,0.0,0.0,0.0,0.0,0.0,0.0,1.0
30,6,0.0,0.0,0.0,0.0,0.0,0.0,0.0,0.0,0.0,0.0,1.0
30,7,0.0,0.0,0.0,0.0,0.0,0.0,0.0,0.0,0.0,0.0,1.0
40,0,0.0,0.0,0.0,0.0,0.0,0.0,0.6496212121212122,0.6496212121212122,0.0,0.6527415143603134,0.9999976062768425
40,1,0.0,0.0,0.0,0.0,0.0,0.0,0.7291666666666667,0.7291666666666667,0.0,0.7539164490861618,0.9999973131678845
40,2,1.0,1.0,1.0,0.0,0.0,0.0,0.6256313131313131,0.6256313131313133,0.0,0.6259791122715405,0.7558571542970904
40,3,0.0,0.0,0.0,0.0,0.0,0.0,0.7361111111111112,0.7361111111111112,0.0,0.7610966057441253,0.9999972875790077
40,4,0.0,0.0,0.0,0.0,0.0,0.0,0.0,0.0,0.0,0.0,1.0
40,5,0.0,0.0,0.0,0.0,0.0,0.0,0.0,0.0,0.0,0.0,1.0
40,6,0.0,0.0,0.0,0.0,0.0,0.0,0.0,0.0,0.0,0.0,1.0
40,7,0.0,0.0,0.0,0.0,0.0,0.0,0.0,0.0,0.0,0.0,1.0
50,0,0.0,0.0,0.0,0.0,0.0,0.0,0.6313131313131314,0.6313131313131314,0.0,0.6279373368146214,0.9999976737384282
50,1,0.0,0.0,0.0,0.0,0.0,0.0,0.7291666666666667,0.7291666666666667,0.0,0.7578328981723238,0.9999973131678845
50,2,1.0,1.0,1.0,0.0,0.0,0.0,0.6054292929292929,0.6054292929292929,0.0,0.5959530026109661,0.7558572287374608
50,3,0.0,0.0,0.0,0.0,0.0,0.0,0.7361111111111112,0.7361111111111112,0.0,0.7650130548302873,0.9999972875790077
50,4,0.0,0.0,0.0,0.0,0.0,0.0,0.0,0.0,0.0,0.0,1.0
50,5,0.0,0.0,0.0,0.0,0.0,0.0,0.0,0.0,0.0,0.0,1.0
50,6,0.0,0.0,0.0,0.0,0.0,0.0,0.0,0.0,0.0,0.0,1.0
50,7,0.0,0.0,0.0,0.0,0.0,0.0,0.0,0.0,0.0,0.0,1.0
60,0,0.0,0.0,0.0,0.0,0.0,0.0,0.6073232323232324,0.6073232323232324,0.0,0.6070496083550914,0.9999977621363678
60,1,0.0,0.0,0.0,0.0,0.0,0.0,0.7329545454545455,0.7329545454545454,0.0,0.7578328981723238,0.9999972992103152
60,2,1.0,1.0,1.0,0.0,0.0,0.0,0.576388888888889,0.576388888888889,0.0,0.5802872062663186,0.755857335745493
60,3,0.0,0.0,0.0,0.0,0.0,0.0,0.73989898989899,0.7398989898989898,0.0,0.7650130548302873,0.999997273621438
60,4,0.0,0.0,0.0,0.0,0.0,0.0,0.0,0.0,0.0,0.0,1.0
60,5,0.0,0.0,0.0,0.0,0.0,0.0,0.0,0.0,0.0,0.0,1.0
60,6,0.0,0.0,0.0,0.0,0.0,0.0,0.0,0.0,0.0,0.0,1.0
60,7,0.0,0.0,0.0,0.0,0.0,0.0,0.0,0.0,0.0,0.0,1.0
70,0,0.0,0.0,0.0,0.0,0.0,0.0,0.5871212121212122,0.5871212121212122,0.0,0.5900783289817233,0.9999978365767381
70,1,0.0,0.0,0.0,0.0,0.0,0.0,0.7329545454545455,0.7329545454545454,0.0,0.7578328981723238,0.9999972992103152
70,2,1.0,1.0,1.0,0.0,0.0,0.0,0.5612373737373738,0.5612373737373738,0.0,0.5691906005221932,0.7558573915757709
70,3,0.0,0.0,0.0,0.0,0.0,0.0,0.73989898989899,0.7398989898989898,0.0,0.7650130548302873,0.999997273621438
70,4,0.0,0.0,0.0,0.0,0.0,0.0,0.0,0.0,0.0,0.0,1.0
70,5,0.0,0.0,0.0,0.0,0.0,0.0,0.0,0.0,0.0,0.0,1.0
70,6,0.0,0.0,0.0,0.0,0.0,0.0,0.0,0.0,0.0,0.0,1.0
70,7,0.0,0.0,0.0,0.0,0.0,0.0,0.0,0.0,0.0,0.0,1.0
80,0,0.0,0.0,0.0,0.0,0.0,0.0,0.5707070707070707,0.5707070707070707,0.0,0.5718015665796344,0.9999978970595391
80,1,0.0,0.0,0.0,0.0,0.0,0.0,0.7329545454545455,0.7329545454545454,0.0,0.7578328981723238,0.9999972992103152
80,2,1.0,1.0,1.0,0.0,0.0,0.0,0.5505050505050505,0.5505050505050505,0.0,0.5528720626631853,0.7558574311222175
80,3,0.0,0.0,0.0,0.0,0.0,0.0,0.73989898989899,0.7398989898989898,0.0,0.7643603133159269,0.999997273621438
80,4,0.0,0.0,0.0,0.0,0.0,0.0,0.0,0.0,0.0,0.0,1.0
80,5,0.0,0.0,0.0,0.0,0.0,0.0,0.0,0.0,0.0,0.0,1.0
80,6,0.0,0.0,0.0,0.0,0.0,0.0,0.0,0.0,0.0,0.0,1.0
80,7,0.0,0.0,0.0,0.0,0.0,0.0,0.0,0.0,0.0,0.0,1.0
90,0,0.0,0.0,0.0,0.0,0.0,0.0,0.5530303030303031,0.5530303030303031,0.0,0.0,0.9999979621948634
90,1,0.0,0.0,0.0,0.0,0.0,0.0,0.7329545454545455,0.7329545454545454,0.0,0.0,0.9999972992103152
90,2,1.0,1.0,0.0,0.0,0.0,0.0,0.5347222222222223,0.5347222222222223,0.0,0.0,0.7558574892787568
90,3,0.0,0.0,0.0,0.0,0.0,0.0,0.7392676767676768,0.7392676767676768,0.0,0.0,0.9999972759476994
90,4,0.0,0.0,0.0,0.0,0.0,0.0,0.0,0.0,0.0,0.0,1.0
90,5,0.0,0.0,0.0,0.0,0.0,0.0,0.0,0.0,0.0,0.0,1.0
90,6,0.0,0.0,0.0,0.0,0.0,0.0,0.0,0.0,0.0,0.0,1.0
90,7,0.0,0.0,0.0,0.0,0.0,0.0,0.0,0.0,0.0,0.0,1.0
0,0,0.0,0.0,0.0,0.0,0.0,0.0,0.8762626262626263,0.8762626262626263,0.0,0.7558746736292429,0.9999967711489384
0,1,0.0,0.0,0.0,0.0,0.0,0.0,0.6609848484848485,0.6609848484848485,0.0,0.6873368146214099,0.9999975644041346
0,2,1.0,1.0,1.0,0.0,0.0,0.0,0.9280303030303031,0.9280303030303031,0.0,0.7826370757180157,0.7558560400177978
0,3,0.0,0.0,0.0,0.0,0.0,0.0,0.6912878787878789,0.6912878787878787,0.0,0.7147519582245431,0.9999974527435791
0,4,0.0,0.0,0.0,0.0,0.0,0.0,0.0,0.0,0.0,0.0,1.0
0,5,0.0,0.0,0.0,0.0,0.0,0.0,0.0,0.0,0.0,0.0,1.0
0,6,0.0,0.0,0.0,0.0,0.0,0.0,0.0,0.0,0.0,0.0,1.0
0,7,0.0,0.0,0.0,0.0,0.0,0.0,0.0,0.0,0.0,0.0,1.0
10,0,0.0,0.0,0.0,0.0,0.0,0.0,0.7310606060606061,0.7310606060606061,0.0,0.6971279373368147,0.9999973061890999
10,1,0.0,0.0,0.0,0.0,0.0,0.0,0.6647727272727273,0.6647727272727273,0.0,0.6814621409921671,0.9999975504465648
10,2,1.0,1.0,1.0,0.0,0.0,0.0,0.7569444444444445,0.7569444444444444,0.0,0.7310704960835509,0.7558566704346839
10,3,0.0,0.0,0.0,0.0,0.0,0.0,0.6912878787878789,0.6912878787878787,0.0,0.7140992167101827,0.9999974527435791
10,4,0.0,0.0,0.0,0.0,0.0,0.0,0.0,0.0,0.0,0.0,1.0
10,5,0.0,0.0,0.0,0.0,0.0,0.0,0.0,0.0,0.0,0.0,1.0
10,6,0.0,0.0,0.0,0.0,0.0,0.0,0.0,0.0,0.0,0.0,1.0
10,7,0.0,0.0,0.0,0.0,0.0,0.0,0.0,0.0,0.0,0.0,1.0
20,0,0.0,0.0,0.0,0.0,0.0,0.0,0.6742424242424243,0.6742424242424242,0.0,0.6455613577023499,0.9999975155526415
20,1,0.0,0.0,0.0,0.0,0.0,0.0,0.6590909090909092,0.6590909090909092,0.0,0.6710182767624021,0.9999975713829188
20,2,1.0,1.0,1.0,0.0,0.0,0.0,0.7070707070707072,0.7070707070707071,0.0,0.6945169712793734,0.7558568542093478
20,3,0.0,0.0,0.0,0.0,0.0,0.0,0.6906565656565657,0.6906565656565657,0.0,0.7147519582245431,0.9999974550698405
20,4,0.0,0.0,0.0,0.0,0.0,0.0,0.0,0.0,0.0,0.0,1.0
20,5,0.0,0.0,0.0,0.0,0.0,0.0,0.0,0.0,0.0,0.0,1.0
20,6,0.0,0.0,0.0,0.0,0.0,0.0,0.0,0.0,0.0,0.0,1.0
20,7,0.0,0.0,0.0,0.0,0.0,0.0,0.0,0.0,0.0,0.0,1.0
30,0,0.0,0.0,0.0,0.0,0.0,0.0,0.624368686868687,0.6243686868686869,0.0,0.6298955613577023,0.9999976993273059
30,1,0.0,0.0,0.0,0.0,0.0,0.0,0.648989898989899,0.648989898989899,0.0,0.6664490861618799,0.9999976086031039
30,2,1.0,1.0,1.0,0.0,0.0,0.0,0.6717171717171718,0.6717171717171717,0.0,0.6847258485639687,0.755856984479996
30,3,0.0,0.0,0.0,0.0,0.0,0.0,0.6912878787878789,0.6912878787878787,0.0,0.7101827676240209,0.9999974527435791
30,4,0.0,0.0,0.0,0.0,0.0,0.0,0.0,0.0,0.0,0.0,1.0
30,5,0.0,0.0,0.0,0.0,0.0,0.0,0.0,0.0,0.0,0.0,1.0
30,6,0.0,0.0,0.0,0.0,0.0,0.0,0.0,0.0,0.0,0.0,1.0
30,7,0.0,0.0,0.0,0.0,0.0,0.0,0.0,0.0,0.0,0.0,1.0
40,0,0.0,0.0,0.0,0.0,0.0,0.0,0.6092171717171718,0.6092171717171717,0.0,0.6201044386422977,0.9999977551575832
40,1,0.0,0.0,0.0,0.0,0.0,0.0,0.6445707070707071,0.6445707070707071,0.0,0.6592689295039165,0.9999976248869356
40,2,1.0,1.0,1.0,0.0,0.0,0.0,0.6622474747474748,0.6622474747474748,0.0,0.6703655352480418,0.7558570193739194
40,3,0.0,0.0,0.0,0.0,0.0,0.0,0.686868686868687,0.6868686868686869,0.0,0.7088772845953003,0.9999974690274103
40,4,0.0,0.0,0.0,0.0,0.0,0.0,0.0,0.0,0.0,0.0,1.0
40,5,0.0,0.0,0.0,0.0,0.0,0.0,0.0,0.0,0.0,0.0,1.0
40,6,0.0,0.0,0.0,0.0,0.0,0.0,0.0,0.0,0.0,0.0,1.0
40,7,0.0,0.0,0.0,0.0,0.0,0.0,0.0,0.0,0.0,0.0,1.0
50,0,0.0,0.0,0.0,0.0,0.0,0.0,0.5997474747474748,0.5997474747474748,0.0,0.6070496083550914,0.9999977900515069
50,1,0.0,0.0,0.0,0.0,0.0,0.0,0.6376262626262627,0.6376262626262627,0.0,0.6546997389033943,0.9999976504758123
50,2,1.0,1.0,1.0,0.0,0.0,0.0,0.648358585858586,0.6483585858585859,0.0,0.660574412532637,0.7558570705516741
50,3,0.0,0.0,0.0,0.0,0.0,0.0,0.6856060606060607,0.6856060606060608,0.0,0.70822454308094,0.9999974736799326
50,4,0.0,0.0,0.0,0.0,0.0,0.0,0.0,0.0,0.0,0.0,1.0
50,5,0.0,0.0,0.0,0.0,0.0,0.0,0.0,0.0,0.0,0.0,1.0
50,6,0.0,0.0,0.0,0.0,0.0,0.0,0.0,0.0,0.0,0.0,1.0
50,7,0.0,0.0,0.0,0.0,0.0,0.0,0.0,0.0,0.0,0.0,1.0
60,0,0.0,0.0,0.0,0.0,0.0,0.0,0.5871212121212122,0.5871212121212122,0.0,0.5920365535248042,0.9999978365767381
60,1,0.0,0.0,0.0,0.0,0.0,0.0,0.6332070707070707,0.6332070707070707,0.0,0.6462140992167101,0.9999976667596435
60,2,1.0,1.0,1.0,0.0,0.0,0.0,0.638888888888889,0.638888888888889,0.0,0.6488250652741514,0.7558571054455976
60,3,0.0,0.0,0.0,0.0,0.0,0.0,0.6849747474747475,0.6849747474747476,0.0,0.7088772845953003,0.9999974760061945
60,4,0.0,0.0,0.0,0.0,0.0,0.0,0.0,0.0,0.0,0.0,1.0
60,5,0.0,0.0,0.0,0.0,0.0,0.0,0.0,0.0,0.0,0.0,1.0
60,6,0.0,0.0,0.0,0.0,0.0,0.0,0.0,0.0,0.0,0.0,1.0
60,7,0.0,0.0,0.0,0.0,0.0,0.0,0.0,0.0,0.0,0.0,1.0
70,0,0.0,0.0,0.0,0.0,0.0,0.0,0.5726010101010102,0.57260101010101,0.0,0.5796344647519582,0.9999978900807545
70,1,0.0,0.0,0.0,0.0,0.0,0.0,0.625,0.625,0.0,0.643603133159269,0.999997697001044
70,2,1.0,1.0,1.0,0.0,0.0,0.0,0.6275252525252526,0.6275252525252525,0.0,0.6403394255874674,0.7558571473183058
70,3,0.0,0.0,0.0,0.0,0.0,0.0,0.6856060606060607,0.6856060606060608,0.0,0.6951697127937337,0.9999974736799326
70,4,0.0,0.0,0.0,0.0,0.0,0.0,0.0,0.0,0.0,0.0,1.0
70,5,0.0,0.0,0.0,0.0,0.0,0.0,0.0,0.0,0.0,0.0,1.0
70,6,0.0,0.0,0.0,0.0,0.0,0.0,0.0,0.0,0.0,0.0,1.0
70,7,0.0,0.0,0.0,0.0,0.0,0.0,0.0,0.0,0.0,0.0,1.0
80,0,0.0,0.0,0.0,0.0,0.0,0.0,0.5606060606060607,0.5606060606060607,0.0,0.566579634464752,0.9999979342797243
80,1,0.0,0.0,0.0,0.0,0.0,0.0,0.6224747474747475,0.6224747474747475,0.0,0.6429503916449086,0.9999977063060901
80,2,1.0,1.0,1.0,0.0,0.0,0.0,0.6193181818181819,0.6193181818181819,0.0,0.6272845953002611,0.755857177559706
80,3,0.0,0.0,0.0,0.0,0.0,0.0,0.6723484848484849,0.6723484848484849,0.0,0.685378590078329,0.9999975225314262
80,4,0.0,0.0,0.0,0.0,0.0,0.0,0.0,0.0,0.0,0.0,1.0
80,5,0.0,0.0,0.0,0.0,0.0,0.0,0.0,0.0,0.0,0.0,1.0
80,6,0.0,0.0,0.0,0.0,0.0,0.0,0.0,0.0,0.0,0.0,1.0
80,7,0.0,0.0,0.0,0.0,0.0,0.0,0.0,0.0,0.0,0.0,1.0
90,0,0.0,0.0,0.0,0.0,0.0,0.0,0.547979797979798,0.547979797979798,0.0,0.0,0.9999979808049555
90,1,0.0,0.0,0.0,0.0,0.0,0.0,0.6218434343434344,0.6218434343434344,0.0,0.0,0.9999977086323519
90,2,1.0,1.0,0.0,0.0,0.0,0.0,0.6066919191919192,0.6066919191919192,0.0,0.0,0.7558572240849379
90,3,0.0,0.0,0.0,0.0,0.0,0.0,0.662878787878788,0.662878787878788,0.0,0.0,0.9999975574253503
90,4,0.0,0.0,0.0,0.0,0.0,0.0,0.0,0.0,0.0,0.0,1.0
90,5,0.0,0.0,0.0,0.0,0.0,0.0,0.0,0.0,0.0,0.0,1.0
90,6,0.0,0.0,0.0,0.0,0.0,0.0,0.0,0.0,0.0,0.0,1.0
90,7,0.0,0.0,0.0,0.0,0.0,0.0,0.0,0.0,0.0,0.0,1.0
0,0,1.0,1.0,1.0,0.0,0.0,0.0,0.9696969696969697,0.9696969696969697,0.0,0.7800261096605744,0.755855886484534
0,1,0.0,0.0,0.0,0.0,0.0,0.0,0.874368686868687,0.874368686868687,0.0,0.8949086161879896,0.999996778127723
0,2,0.0,0.0,0.0,0.0,0.0,0.0,0.701388888888889,0.701388888888889,0.0,0.6703655352480418,0.9999974155233939
0,3,0.0,0.0,0.0,0.0,0.0,0.0,0.6111111111111112,0.611111111111111,0.0,0.639686684073107,0.9999977481787985
0,4,0.0,0.0,0.0,0.0,0.0,0.0,0.0,0.0,0.0,0.0,1.0
0,5,0.0,0.0,0.0,0.0,0.0,0.0,0.0,0.0,0.0,0.0,1.0
0,6,0.0,0.0,0.0,0.0,0.0,0.0,0.0,0.0,0.0,0.0,1.0
0,7,0.0,0.0,0.0,0.0,0.0,0.0,0.0,0.0,0.0,0.0,1.0
10,0,1.0,1.0,1.0,0.0,0.0,0.0,0.7544191919191919,0.7544191919191919,0.0,0.7238903394255874,0.7558566797397299
10,1,0.0,0.0,0.0,0.0,0.0,0.0,0.8655303030303031,0.865530303030303,0.0,0.889686684073107,0.9999968106953849
10,2,0.0,0.0,0.0,0.0,0.0,0.0,0.648358585858586,0.6483585858585859,0.0,0.6475195822454308,0.9999976109293658
10,3,0.0,0.0,0.0,0.0,0.0,0.0,0.6186868686868687,0.6186868686868687,0.0,0.6409921671018277,0.9999977202636594
10,4,0.0,0.0,0.0,0.0,0.0,0.0,0.0,0.0,0.0,0.0,1.0
10,5,0.0,0.0,0.0,0.0,0.0,0.0,0.0,0.0,0.0,0.0,1.0
10,6,0.0,0.0,0.0,0.0,0.0,0.0,0.0,0.0,0.0,0.0,1.0
10,7,0.0,0.0,0.0,0.0,0.0,0.0,0.0,0.0,0.0,0.0,1.0
20,0,1.0,1.0,1.0,0.0,0.0,0.0,0.7001262626262627,0.7001262626262627,0.0,0.6788511749347259,0.7558568797982252
20,1,0.0,0.0,0.0,0.0,0.0,0.0,0.860479797979798,0.860479797979798,0.0,0.8720626631853786,0.999996829305478
20,2,0.0,0.0,0.0,0.0,0.0,0.0,0.6262626262626263,0.6262626262626264,0.0,0.6259791122715405,0.9999976923485208
20,3,0.0,0.0,0.0,0.0,0.0,0.0,0.619949494949495,0.619949494949495,0.0,0.6442558746736292,0.9999977156111366
20,4,0.0,0.0,0.0,0.0,0.0,0.0,0.0,0.0,0.0,0.0,1.0
20,5,0.0,0.0,0.0,0.0,0.0,0.0,0.0,0.0,0.0,0.0,1.0
20,6,0.0,0.0,0.0,0.0,0.0,0.0,0.0,0.0,0.0,0.0,1.0
20,7,0.0,0.0,0.0,0.0,0.0,0.0,0.0,0.0,0.0,0.0,1.0
30,0,1.0,1.0,1.0,0.0,0.0,0.0,0.6565656565656566,0.6565656565656566,0.0,0.641644908616188,0.755857040310274
30,1,0.0,0.0,0.0,0.0,0.0,0.0,0.8434343434343435,0.8434343434343434,0.0,0.8563968668407311,0.9999968921145403
30,2,0.0,0.0,0.0,0.0,0.0,0.0,0.6054292929292929,0.6054292929292929,0.0,0.6077023498694517,0.9999977691151525
30,3,0.0,0.0,0.0,0.0,0.0,0.0,0.6231060606060607,0.6231060606060607,0.0,0.6468668407310705,0.9999977039798287
30,4,0.0,0.0,0.0,0.0,0.0,0.0,0.0,0.0,0.0,0.0,1.0
30,5,0.0,0.0,0.0,0.0,0.0,0.0,0.0,0.0,0.0,0.0,1.0
30,6,0.0,0.0,0.0,0.0,0.0,0.0,0.0,0.0,0.0,0.0,1.0
30,7,0.0,0.0,0.0,0.0,0.0,0.0,0.0,0.0,0.0,0.0,1.0
40,0,1.0,1.0,1.0,0.0,0.0,0.0,0.6205808080808082,0.6205808080808083,0.0,0.6024804177545692,0.7558571729071832
40,1,0.0,0.0,0.0,0.0,0.0,0.0,0.8282828282828284,0.8282828282828284,0.0,0.8413838120104439,0.9999969479448176
40,2,0.0,0.0,0.0,0.0,0.0,0.0,0.5877525252525253,0.5877525252525253,0.0,0.5926892950391645,0.9999978342504763
40,3,0.0,0.0,0.0,0.0,0.0,0.0,0.6256313131313131,0.6256313131313133,0.0,0.6514360313315927,0.9999976946747822
40,4,0.0,0.0,0.0,0.0,0.0,0.0,0.0,0.0,0.0,0.0,1.0
40,5,0.0,0.0,0.0,0.0,0.0,0.0,0.0,0.0,0.0,0.0,1.0
40,6,0.0,0.0,0.0,0.0,0.0,0.0,0.0,0.0,0.0,0.0,1.0
40,7,0.0,0.0,0.0,0.0,0.0,0.0,0.0,0.0,0.0,0.0,1.0
50,0,1.0,1.0,1.0,0.0,0.0,0.0,0.5827020202020202,0.5827020202020202,0.0,0.575065274151436,0.7558573124828774
50,1,0.0,0.0,0.0,0.0,0.0,0.0,0.8137626262626263,0.8137626262626263,0.0,0.8342036553524804,0.9999970014488344
50,2,0.0,0.0,0.0,0.0,0.0,0.0,0.5732323232323233,0.5732323232323232,0.0,0.5737597911227154,0.999997887754493
50,3,0.0,0.0,0.0,0.0,0.0,0.0,0.6300505050505051,0.6300505050505051,0.0,0.6540469973890339,0.9999976783909514
50,4,0.0,0.0,0.0,0.0,0.0,0.0,0.0,0.0,0.0,0.0,1.0
50,5,0.0,0.0,0.0,0.0,0.0,0.0,0.0,0.0,0.0,0.0,1.0
50,6,0.0,0.0,0.0,0.0,0.0,0.0,0.0,0.0,0.0,0.0,1.0
50,7,0.0,0.0,0.0,0.0,0.0,0.0,0.0,0.0,0.0,0.0,1.0
60,0,1.0,1.0,1.0,0.0,0.0,0.0,0.5561868686868687,0.5561868686868687,0.0,0.5496083550913838,0.7558574101858633
60,1,0.0,0.0,0.0,0.0,0.0,0.0,0.8068181818181819,0.806818181818182,0.0,0.8257180156657964,0.9999970270377112
60,2,0.0,0.0,0.0,0.0,0.0,0.0,0.5549242424242424,0.5549242424242424,0.0,0.5607049608355091,0.9999979552160787
60,3,0.0,0.0,0.0,0.0,0.0,0.0,0.6325757575757577,0.6325757575757576,0.0,0.6560052219321149,0.9999976690859049
60,4,0.0,0.0,0.0,0.0,0.0,0.0,0.0,0.0,0.0,0.0,1.0
60,5,0.0,0.0,0.0,0.0,0.0,0.0,0.0,0.0,0.0,0.0,1.0
60,6,0.0,0.0,0.0,0.0,0.0,0.0,0.0,0.0,0.0,0.0,1.0
60,7,0.0,0.0,0.0,0.0,0.0,0.0,0.0,0.0,0.0,0.0,1.0
70,0,1.0,1.0,1.0,0.0,0.0,0.0,0.5315656565656566,0.5315656565656566,0.0,0.5228459530026109,0.7558575009100645
70,1,0.0,0.0,0.0,0.0,0.0,0.0,0.7986111111111112,0.7986111111111112,0.0,0.8133159268929504,0.9999970572791117
70,2,0.0,0.0,0.0,0.0,0.0,0.0,0.5422979797979799,0.5422979797979798,0.0,0.5424281984334204,0.9999980017413099
70,3,0.0,0.0,0.0,0.0,0.0,0.0,0.634469696969697,0.6344696969696969,0.0,0.6566579634464752,0.9999976621071207
70,4,0.0,0.0,0.0,0.0,0.0,0.0,0.0,0.0,0.0,0.0,1.0
70,5,0.0,0.0,0.0,0.0,0.0,0.0,0.0,0.0,0.0,0.0,1.0
70,6,0.0,0.0,0.0,0.0,0.0,0.0,0.0,0.0,0.0,0.0,1.0
70,7,0.0,0.0,0.0,0.0,0.0,0.0,0.0,0.0,0.0,0.0,1.0
80,0,1.0,1.0,1.0,0.0,0.0,0.0,0.5056818181818182,0.5056818181818181,0.0,0.5006527415143603,0.7558575962867891
80,1,0.0,0.0,0.0,0.0,0.0,0.0,0.7866161616161617,0.7866161616161617,0.0,0.8002610966057442,0.9999971014780815
80,2,0.0,0.0,0.0,0.0,0.0,0.0,0.5246212121212122,0.5246212121212122,0.0,0.5254569190600522,0.9999980668766337
80,3,0.0,0.0,0.0,0.0,0.0,0.0,0.6351010101010102,0.63510101010101,0.0,0.6586161879895561,0.9999976597808589
80,4,0.0,0.0,0.0,0.0,0.0,0.0,0.0,0.0,0.0,0.0,1.0
80,5,0.0,0.0,0.0,0.0,0.0,0.0,0.0,0.0,0.0,0.0,1.0
80,6,0.0,0.0,0.0,0.0,0.0,0.0,0.0,0.0,0.0,0.0,1.0
80,7,0.0,0.0,0.0,0.0,0.0,0.0,0.0,0.0,0.0,0.0,1.0
90,0,1.0,1.0,0.0,0.0,0.0,0.0,0.48421717171717177,0.4842171717171717,0.0,0.0,0.7558576753796826
90,1,0.0,0.0,0.0,0.0,0.0,0.0,0.773989898989899,0.773989898989899,0.0,0.0,0.9999971480033132
90,2,0.0,0.0,0.0,0.0,0.0,0.0,0.5082070707070707,0.5082070707070707,0.0,0.0,0.9999981273594347
90,3,0.0,0.0,0.0,0.0,0.0,0.0,0.6369949494949495,0.6369949494949496,0.0,0.0,0.9999976528020738
90,4,0.0,0.0,0.0,0.0,0.0,0.0,0.0,0.0,0.0,0.0,1.0
90,5,0.0,0.0,0.0,0.0,0.0,0.0,0.0,0.0,0.0,0.0,1.0
90,6,0.0,0.0,0.0,0.0,0.0,0.0,0.0,0.0,0.0,0.0,1.0
90,7,0.0,0.0,0.0,0.0,0.0,0.0,0.0,0.0,0.0,0.0,1.0
0,0,1.0,1.0,1.0,0.0,0.0,0.0,0.8724747474747475,0.8724747474747475,0.0,0.9001305483028721,0.755856244728816
0,1,0.0,0.0,0.0,0.0,0.0,0.0,0.9059343434343435,0.9059343434343434,0.0,0.9340731070496083,0.9999966618146443
0,2,0.0,0.0,0.0,0.0,0.0,0.0,0.6818181818181819,0.6818181818181819,0.0,0.7069190600522194,0.9999974876375024
0,3,0.0,0.0,0.0,0.0,0.0,0.0,0.6963383838383839,0.6963383838383839,0.0,0.7225848563968669,0.9999974341334861
0,4,0.0,0.0,0.0,0.0,0.0,0.0,0.0,0.0,0.0,0.0,1.0
0,5,0.0,0.0,0.0,0.0,0.0,0.0,0.0,0.0,0.0,0.0,1.0
0,6,0.0,0.0,0.0,0.0,0.0,0.0,0.0,0.0,0.0,0.0,1.0
0,7,0.0,0.0,0.0,0.0,0.0,0.0,0.0,0.0,0.0,0.0,1.0
10,0,1.0,1.0,1.0,0.0,0.0,0.0,0.8705808080808082,0.8705808080808082,0.0,0.8975195822454308,0.7558562517076008
10,1,0.0,0.0,0.0,0.0,0.0,0.0,0.9034090909090909,0.9034090909090909,0.0,0.9321148825065274,0.9999966711196908
10,2,0.0,0.0,0.0,0.0,0.0,0.0,0.6837121212121212,0.6837121212121212,0.0,0.7095300261096605,0.9999974806587177
10,3,0.0,0.0,0.0,0.0,0.0,0.0,0.6988636363636365,0.6988636363636365,0.0,0.7245430809399478,0.99999742482844
10,4,0.0,0.0,0.0,0.0,0.0,0.0,0.0,0.0,0.0,0.0,1.0
10,5,0.0,0.0,0.0,0.0,0.0,0.0,0.0,0.0,0.0,0.0,1.0
10,6,0.0,0.0,0.0,0.0,0.0,0.0,0.0,0.0,0.0,0.0,1.0
10,7,0.0,0.0,0.0,0.0,0.0,0.0,0.0,0.0,0.0,0.0,1.0
20,0,1.0,1.0,1.0,0.0,0.0,0.0,0.8680555555555556,0.8680555555555556,0.0,0.8955613577023499,0.7558562610126469
20,1,0.0,0.0,0.0,0.0,0.0,0.0,0.9015151515151516,0.9015151515151515,0.0,0.9288511749347259,0.9999966780984755
20,2,0.0,0.0,0.0,0.0,0.0,0.0,0.6862373737373738,0.6862373737373738,0.0,0.7095300261096605,0.9999974713536712
20,3,0.0,0.0,0.0,0.0,0.0,0.0,0.7007575757575758,0.7007575757575758,0.0,0.7258485639686684,0.9999974178496553
20,4,0.0,0.0,0.0,0.0,0.0,0.0,0.0,0.0,0.0,0.0,1.0
20,5,0.0,0.0,0.0,0.0,0.0,0.0,0.0,0.0,0.0,0.0,1.0
20,6,0.0,0.0,0.0,0.0,0.0,0.0,0.0,0.0,0.0,0.0,1.0
20,7,0.0,0.0,0.0,0.0,0.0,0.0,0.0,0.0,0.0,0.0,1.0
30,0,1.0,1.0,1.0,0.0,0.0,0.0,0.8661616161616162,0.8661616161616162,0.0,0.8877284595300261,0.7558562679914318
30,1,0.0,0.0,0.0,0.0,0.0,0.0,0.898358585858586,0.8983585858585859,0.0,0.9210182767624021,0.9999966897297834
30,2,0.0,0.0,0.0,0.0,0.0,0.0,0.6862373737373738,0.6862373737373738,0.0,0.7108355091383812,0.9999974713536712
30,3,0.0,0.0,0.0,0.0,0.0,0.0,0.7020202020202021,0.7020202020202021,0.0,0.7278067885117494,0.9999974131971321
30,4,0.0,0.0,0.0,0.0,0.0,0.0,0.0,0.0,0.0,0.0,1.0
30,5,0.0,0.0,0.0,0.0,0.0,0.0,0.0,0.0,0.0,0.0,1.0
30,6,0.0,0.0,0.0,0.0,0.0,0.0,0.0,0.0,0.0,0.0,1.0
30,7,0.0,0.0,0.0,0.0,0.0,0.0,0.0,0.0,0.0,0.0,1.0
40,0,1.0,1.0,1.0,0.0,0.0,0.0,0.8585858585858587,0.8585858585858586,0.0,0.8759791122715405,0.7558562959065707
40,1,0.0,0.0,0.0,0.0,0.0,0.0,0.8907828282828284,0.8907828282828284,0.0,0.9073107049608355,0.9999967176449225
40,2,0.0,0.0,0.0,0.0,0.0,0.0,0.6875000000000001,0.6875,0.0,0.7134464751958225,0.9999974667011484
40,3,0.0,0.0,0.0,0.0,0.0,0.0,0.7039141414141414,0.7039141414141414,0.0,0.7310704960835509,0.9999974062183474
40,4,0.0,0.0,0.0,0.0,0.0,0.0,0.0,0.0,0.0,0.0,1.0
40,5,0.0,0.0,0.0,0.0,0.0,0.0,0.0,0.0,0.0,0.0,1.0
40,6,0.0,0.0,0.0,0.0,0.0,0.0,0.0,0.0,0.0,0.0,1.0
40,7,0.0,0.0,0.0,0.0,0.0,0.0,0.0,0.0,0.0,0.0,1.0
50,0,1.0,1.0,1.0,0.0,0.0,0.0,0.8472222222222223,0.8472222222222223,0.0,0.8629242819843342,0.7558563377792789
50,1,0.0,0.0,0.0,0.0,0.0,0.0,0.8775252525252526,0.8775252525252526,0.0,0.8922976501305483,0.9999967664964151
50,2,0.0,0.0,0.0,0.0,0.0,0.0,0.6900252525252526,0.6900252525252526,0.0,0.7160574412532638,0.9999974573961019
50,3,0.0,0.0,0.0,0.0,0.0,0.0,0.7070707070707072,0.7070707070707071,0.0,0.7343342036553525,0.9999973945870395
50,4,0.0,0.0,0.0,0.0,0.0,0.0,0.0,0.0,0.0,0.0,1.0
50,5,0.0,0.0,0.0,0.0,0.0,0.0,0.0,0.0,0.0,0.0,1.0
50,6,0.0,0.0,0.0,0.0,0.0,0.0,0.0,0.0,0.0,0.0,1.0
50,7,0.0,0.0,0.0,0.0,0.0,0.0,0.0,0.0,0.0,0.0,1.0
60,0,1.0,1.0,1.0,0.0,0.0,0.0,0.8345959595959597,0.8345959595959597,0.0,0.8518276762402089,0.7558563843045105
60,1,0.0,0.0,0.0,0.0,0.0,0.0,0.8630050505050506,0.8630050505050505,0.0,0.8792428198433421,0.9999968200004314
60,2,0.0,0.0,0.0,0.0,0.0,0.0,0.6925505050505051,0.692550505050505,0.0,0.7173629242819843,0.9999974480910558
60,3,0.0,0.0,0.0,0.0,0.0,0.0,0.7102272727272728,0.7102272727272727,0.0,0.7349869451697129,0.9999973829557316
60,4,0.0,0.0,0.0,0.0,0.0,0.0,0.0,0.0,0.0,0.0,1.0
60,5,0.0,0.0,0.0,0.0,0.0,0.0,0.0,0.0,0.0,0.0,1.0
60,6,0.0,0.0,0.0,0.0,0.0,0.0,0.0,0.0,0.0,0.0,1.0
60,7,0.0,0.0,0.0,0.0,0.0,0.0,0.0,0.0,0.0,0.0,1.0
70,0,1.0,1.0,1.0,0.0,0.0,0.0,0.8238636363636365,0.8238636363636365,0.0,0.8407310704960835,0.7558564238509571
70,1,0.0,0.0,0.0,0.0,0.0,0.0,0.850378787878788,0.850378787878788,0.0,0.8694516971279374,0.9999968665256631
70,2,0.0,0.0,0.0,0.0,0.0,0.0,0.6938131313131314,0.6938131313131313,0.0,0.7186684073107049,0.9999974434385326
70,3,0.0,0.0,0.0,0.0,0.0,0.0,0.710858585858586,0.7108585858585859,0.0,0.7349869451697129,0.9999973806294697
70,4,0.0,0.0,0.0,0.0,0.0,0.0,0.0,0.0,0.0,0.0,1.0
70,5,0.0,0.0,0.0,0.0,0.0,0.0,0.0,0.0,0.0,0.0,1.0
70,6,0.0,0.0,0.0,0.0,0.0,0.0,0.0,0.0,0.0,0.0,1.0
70,7,0.0,0.0,0.0,0.0,0.0,0.0,0.0,0.0,0.0,0.0,1.0
80,0,1.0,1.0,1.0,0.0,0.0,0.0,0.8131313131313131,0.8131313131313131,0.0,0.741514360313316,0.7558564633974036
80,1,0.0,0.0,0.0,0.0,0.0,0.0,0.8409090909090909,0.8409090909090909,0.0,0.8609660574412533,0.9999969014195869
80,2,0.0,0.0,0.0,0.0,0.0,0.0,0.6950757575757577,0.6950757575757576,0.0,0.6827676240208878,0.9999974387860093
80,3,0.0,0.0,0.0,0.0,0.0,0.0,0.710858585858586,0.7108585858585859,0.0,0.7349869451697129,0.9999973806294697
80,4,0.0,0.0,0.0,0.0,0.0,0.0,0.0,0.0,0.0,0.0,1.0
80,5,0.0,0.0,0.0,0.0,0.0,0.0,0.0,0.0,0.0,0.0,1.0
80,6,0.0,0.0,0.0,0.0,0.0,0.0,0.0,0.0,0.0,0.0,1.0
80,7,0.0,0.0,0.0,0.0,0.0,0.0,0.0,0.0,0.0,0.0,1.0
90,0,1.0,1.0,0.0,0.0,0.0,0.0,0.7171717171717172,0.7171717171717171,0.0,0.0,0.7558568169891626
90,1,0.0,0.0,0.0,0.0,0.0,0.0,0.8327020202020202,0.8327020202020202,0.0,0.0,0.9999969316609869
90,2,0.0,0.0,0.0,0.0,0.0,0.0,0.6603535353535354,0.6603535353535354,0.0,0.0,0.999997566730396
90,3,0.0,0.0,0.0,0.0,0.0,0.0,0.710858585858586,0.7108585858585859,0.0,0.0,0.9999973806294697
90,4,0.0,0.0,0.0,0.0,0.0,0.0,0.0,0.0,0.0,0.0,1.0
90,5,0.0,0.0,0.0,0.0,0.0,0.0,0.0,0.0,0.0,0.0,1.0
90,6,0.0,0.0,0.0,0.0,0.0,0.0,0.0,0.0,0.0,0.0,1.0
90,7,0.0,0.0,0.0,0.0,0.0,0.0,0.0,0.0,0.0,0.0,1.0
0,0,0.0,0.0,0.0,0.0,0.0,0.0,0.0,0.0,0.0,0.0,1.0
0,1,0.0,0.0,0.0,0.0,0.0,0.0,0.0,0.0,0.0,0.0,1.0
0,2,0.0,0.0,0.0,0.0,0.0,0.0,0.0,0.0,0.0,0.0,1.0
0,3,0.0,0.0,0.0,1.0,1.0,1.0,0.0,0.0,0.0,0.0,3.466129741003243e-07
0,4,0.0,0.0,0.0,0.0,0.0,0.0,0.9090909090909092,0.9090909090909092,0.0,0.9242819843342037,0.9999966501833368
0,5,1.0,1.0,1.0,0.0,0.0,0.0,0.9570707070707072,0.9570707070707071,0.0,0.9719321148825065,0.7558559330097654
0,6,0.0,0.0,0.0,0.0,0.0,0.0,0.6534090909090909,0.6534090909090909,0.0,0.6768929503916449,0.9999975923192732
0,7,0.0,0.0,0.0,0.0,0.0,0.0,0.6369949494949495,0.6369949494949496,0.0,0.6625326370757181,0.9999976528020738
10,0,0.0,0.0,0.0,0.0,0.0,0.0,0.0,0.0,0.0,0.0,1.0
10,1,0.0,0.0,0.0,0.0,0.0,0.0,0.0,0.0,0.0,0.0,1.0
10,2,0.0,0.0,0.0,0.0,0.0,0.0,0.0,0.0,0.0,0.0,1.0
10,3,0.0,0.0,0.0,1.0,1.0,1.0,0.0,0.0,0.0,0.0,3.466129741003243e-07
10,4,0.0,0.0,0.0,0.0,0.0,0.0,0.893939393939394,0.893939393939394,0.0,0.9125326370757181,0.9999967060136141
10,5,1.0,1.0,1.0,0.0,0.0,0.0,0.9400252525252526,0.9400252525252526,0.0,0.9608355091383812,0.755855995818828
10,6,0.0,0.0,0.0,0.0,0.0,0.0,0.6546717171717172,0.6546717171717171,0.0,0.6775456919060052,0.99999758766675
10,7,0.0,0.0,0.0,0.0,0.0,0.0,0.6407828282828283,0.6407828282828283,0.0,0.6638381201044387,0.9999976388445044
20,0,0.0,0.0,0.0,0.0,0.0,0.0,0.0,0.0,0.0,0.0,1.0
20,1,0.0,0.0,0.0,0.0,0.0,0.0,0.0,0.0,0.0,0.0,1.0
20,2,0.0,0.0,0.0,0.0,0.0,0.0,0.0,0.0,0.0,0.0,1.0
20,3,0.0,0.0,0.0,1.0,1.0,1.0,0.0,0.0,0.0,0.0,3.466129741003243e-07
20,4,0.0,0.0,0.0,0.0,0.0,0.0,0.8825757575757577,0.8825757575757576,0.0,0.902088772845953,0.999996747886323
20,5,1.0,1.0,1.0,0.0,0.0,0.0,0.9292929292929294,0.9292929292929294,0.0,0.9516971279373369,0.7558560353652746
20,6,0.0,0.0,0.0,0.0,0.0,0.0,0.6553030303030304,0.6553030303030303,0.0,0.6788511749347259,0.9999975853404881
20,7,0.0,0.0,0.0,0.0,0.0,0.0,0.6420454545454546,0.6420454545454546,0.0,0.6651436031331592,0.9999976341919816
30,0,0.0,0.0,0.0,0.0,0.0,0.0,0.0,0.0,0.0,0.0,1.0
30,1,0.0,0.0,0.0,0.0,0.0,0.0,0.0,0.0,0.0,0.0,1.0
30,2,0.0,0.0,0.0,0.0,0.0,0.0,0.0,0.0,0.0,0.0,1.0
30,3,0.0,0.0,0.0,1.0,1.0,1.0,0.0,0.0,0.0,0.0,3.466129741003243e-07
30,4,0.0,0.0,0.0,0.0,0.0,0.0,0.8724747474747475,0.8724747474747475,0.0,0.8857702349869452,0.9999967851065081
30,5,1.0,1.0,1.0,0.0,0.0,0.0,0.9204545454545455,0.9204545454545455,0.0,0.9392950391644909,0.7558560679329365
30,6,0.0,0.0,0.0,0.0,0.0,0.0,0.6565656565656566,0.6565656565656566,0.0,0.6834203655352481,0.9999975806879653
30,7,0.0,0.0,0.0,0.0,0.0,0.0,0.6433080808080809,0.6433080808080809,0.0,0.6677545691906005,0.9999976295394584
40,0,0.0,0.0,0.0,0.0,0.0,0.0,0.0,0.0,0.0,0.0,1.0
40,1,0.0,0.0,0.0,0.0,0.0,0.0,0.0,0.0,0.0,0.0,1.0
40,2,0.0,0.0,0.0,0.0,0.0,0.0,0.0,0.0,0.0,0.0,1.0
40,3,0.0,0.0,0.0,1.0,1.0,1.0,0.0,0.0,0.0,0.0,3.466129741003243e-07
40,4,0.0,0.0,0.0,0.0,0.0,0.0,0.8566919191919192,0.8566919191919192,0.0,0.8766318537859008,0.9999968432630468
40,5,1.0,1.0,1.0,0.0,0.0,0.0,0.908459595959596,0.908459595959596,0.0,0.9301566579634465,0.7558561121319063
40,6,0.0,0.0,0.0,0.0,0.0,0.0,0.6609848484848485,0.6609848484848485,0.0,0.6847258485639687,0.9999975644041346
40,7,0.0,0.0,0.0,0.0,0.0,0.0,0.6458333333333334,0.6458333333333334,0.0,0.6677545691906005,0.9999976202344119
50,0,0.0,0.0,0.0,0.0,0.0,0.0,0.0,0.0,0.0,0.0,1.0
50,1,0.0,0.0,0.0,0.0,0.0,0.0,0.0,0.0,0.0,0.0,1.0
50,2,0.0,0.0,0.0,0.0,0.0,0.0,0.0,0.0,0.0,0.0,1.0
50,3,0.0,0.0,0.0,1.0,1.0,1.0,0.0,0.0,0.0,0.0,3.466129741003243e-07
50,4,0.0,0.0,0.0,0.0,0.0,0.0,0.8478535353535355,0.8478535353535355,0.0,0.8642297650130548,0.9999968758307092
50,5,1.0,1.0,1.0,0.0,0.0,0.0,0.8996212121212122,0.8996212121212122,0.0,0.9190600522193212,0.7558561446995686
50,6,0.0,0.0,0.0,0.0,0.0,0.0,0.6622474747474748,0.6622474747474748,0.0,0.6866840731070496,0.9999975597516113
50,7,0.0,0.0,0.0,0.0,0.0,0.0,0.6458333333333334,0.6458333333333334,0.0,0.6697127937336814,0.9999976202344119
60,0,0.0,0.0,0.0,0.0,0.0,0.0,0.0,0.0,0.0,0.0,1.0
60,1,0.0,0.0,0.0,0.0,0.0,0.0,0.0,0.0,0.0,0.0,1.0
60,2,0.0,0.0,0.0,0.0,0.0,0.0,0.0,0.0,0.0,0.0,1.0
60,3,0.0,0.0,0.0,1.0,1.0,1.0,0.0,0.0,0.0,0.0,3.466129741003243e-07
60,4,0.0,0.0,0.0,0.0,0.0,0.0,0.835858585858586,0.8358585858585859,0.0,0.8577023498694517,0.999996920029679
60,5,1.0,1.0,1.0,0.0,0.0,0.0,0.888888888888889,0.888888888888889,0.0,0.9079634464751958,0.7558561842460152
60,6,0.0,0.0,0.0,0.0,0.0,0.0,0.6641414141414141,0.6641414141414141,0.0,0.6879895561357703,0.9999975527728266
60,7,0.0,0.0,0.0,0.0,0.0,0.0,0.6477272727272728,0.6477272727272727,0.0,0.6710182767624021,0.9999976132556272
70,0,0.0,0.0,0.0,0.0,0.0,0.0,0.0,0.0,0.0,0.0,1.0
70,1,0.0,0.0,0.0,0.0,0.0,0.0,0.0,0.0,0.0,0.0,1.0
70,2,0.0,0.0,0.0,0.0,0.0,0.0,0.0,0.0,0.0,0.0,1.0
70,3,0.0,0.0,0.0,1.0,1.0,1.0,0.0,0.0,0.0,0.0,3.466129741003243e-07
70,4,0.0,0.0,0.0,0.0,0.0,0.0,0.8295454545454546,0.8295454545454546,0.0,0.8498694516971279,0.9999969432922948
70,5,1.0,1.0,1.0,0.0,0.0,0.0,0.8781565656565657,0.8781565656565656,0.0,0.8942558746736292,0.7558562237924618
70,6,0.0,0.0,0.0,0.0,0.0,0.0,0.6654040404040404,0.6654040404040404,0.0,0.6886422976501305,0.999997548120303
70,7,0.0,0.0,0.0,0.0,0.0,0.0,0.648989898989899,0.648989898989899,0.0,0.6742819843342036,0.9999976086031039
80,0,0.0,0.0,0.0,0.0,0.0,0.0,0.0,0.0,0.0,0.0,1.0
80,1,0.0,0.0,0.0,0.0,0.0,0.0,0.0,0.0,0.0,0.0,1.0
80,2,0.0,0.0,0.0,0.0,0.0,0.0,0.0,0.0,0.0,0.0,1.0
80,3,0.0,0.0,0.0,1.0,1.0,1.0,0.0,0.0,0.0,0.0,3.466129741003243e-07
80,4,0.0,0.0,0.0,0.0,0.0,0.0,0.821969696969697,0.8219696969696969,0.0,0.8387728459530026,0.9999969712074339
80,5,1.0,1.0,1.0,0.0,0.0,0.0,0.86489898989899,0.8648989898989898,0.0,0.8818537859007833,0.755856272643955
80,6,0.0,0.0,0.0,0.0,0.0,0.0,0.6660353535353536,0.6660353535353536,0.0,0.6886422976501305,0.9999975457940415
80,7,0.0,0.0,0.0,0.0,0.0,0.0,0.6521464646464648,0.6521464646464646,0.0,0.6768929503916449,0.9999975969717965
90,0,0.0,0.0,0.0,0.0,0.0,0.0,0.0,0.0,0.0,0.0,1.0
90,1,0.0,0.0,0.0,0.0,0.0,0.0,0.0,0.0,0.0,0.0,1.0
90,2,0.0,0.0,0.0,0.0,0.0,0.0,0.0,0.0,0.0,0.0,1.0
90,3,0.0,0.0,0.0,1.0,1.0,0.0,0.0,0.0,0.0,0.0,3.466129741003243e-07
90,4,0.0,0.0,0.0,0.0,0.0,0.0,0.8112373737373738,0.8112373737373738,0.0,0.0,0.9999970107538805
90,5,1.0,1.0,0.0,0.0,0.0,0.0,0.8529040404040404,0.8529040404040404,0.0,0.0,0.7558563168429249
90,6,0.0,0.0,0.0,0.0,0.0,0.0,0.6660353535353536,0.6660353535353536,0.0,0.0,0.9999975457940415
90,7,0.0,0.0,0.0,0.0,0.0,0.0,0.6546717171717172,0.6546717171717171,0.0,0.0,0.99999758766675
0,0,0.0,0.0,0.0,0.0,0.0,0.0,0.056186868686868695,0.05618686868686871,0.0,0.06266318537859009,0.9999997929627202
0,1,0.0,0.0,0.0,0.0,0.0,0.0,0.03977272727272728,0.039772727272727286,0.0,0.043733681462140996,0.9999998534455208
0,2,0.0,0.0,0.0,0.0,0.0,0.0,0.042929292929292935,0.04292929292929293,0.0,0.05287206266318538,0.9999998418142129
0,3,0.0,0.0,0.0,1.0,1.0,1.0,0.03282828282828283,0.03282828282828283,0.0,0.04308093994778068,2.2564737256480782e-07
0,4,1.0,1.0,1.0,0.0,0.0,0.0,0.7683080808080809,0.7683080808080809,0.0,0.6625326370757181,0.7558566285619752
0,5,0.0,0.0,0.0,0.0,0.0,0.0,0.7058080808080809,0.7058080808080809,0.0,0.7336814621409922,0.9999973992395628
0,6,0.0,0.0,0.0,0.0,0.0,0.0,0.8030303030303031,0.8030303030303031,0.0,0.6932114882506527,0.999997040995281
0,7,0.0,0.0,0.0,0.0,0.0,0.0,0.7077020202020202,0.7077020202020202,0.0,0.7278067885117494,0.9999973922607781
10,0,0.0,0.0,0.0,0.0,0.0,0.0,0.06060606060606061,0.06060606060606061,0.0,0.06788511749347259,0.9999997766788886
10,1,0.0,0.0,0.0,0.0,0.0,0.0,0.0422979797979798,0.0422979797979798,0.0,0.047650130548302874,0.9999998441404743
10,2,0.0,0.0,0.0,0.0,0.0,0.0,0.05113636363636364,0.05113636363636364,0.0,0.06135770234986945,0.9999998115728124
10,3,0.0,0.0,0.0,1.0,1.0,1.0,0.04166666666666667,0.04166666666666667,0.0,0.048302872062663184,1.9307971044213446e-07
10,4,1.0,1.0,1.0,0.0,0.0,0.0,0.6407828282828283,0.6407828282828283,0.0,0.6201044386422977,0.7558570984668129
10,5,0.0,0.0,0.0,0.0,0.0,0.0,0.7095959595959597,0.7095959595959597,0.0,0.7297650130548303,0.9999973852819934
10,6,0.0,0.0,0.0,0.0,0.0,0.0,0.6704545454545455,0.6704545454545454,0.0,0.6481723237597912,0.9999975295102108
10,7,0.0,0.0,0.0,0.0,0.0,0.0,0.7039141414141414,0.7039141414141414,0.0,0.7225848563968669,0.9999974062183474
20,0,0.0,0.0,0.0,0.0,0.0,0.0,0.06565656565656566,0.06565656565656566,0.0,0.07245430809399478,0.9999997580687965
20,1,0.0,0.0,0.0,0.0,0.0,0.0,0.04608585858585859,0.046085858585858584,0.0,0.04960835509138381,0.999999830182905
20,2,0.0,0.0,0.0,0.0,0.0,0.0,0.05934343434343435,0.05934343434343435,0.0,0.06592689295039164,0.9999997813314119
20,3,0.0,0.0,0.0,1.0,1.0,1.0,0.04671717171717172,0.04671717171717172,0.0,0.050913838120104436,1.7446961786404813e-07
20,4,1.0,1.0,1.0,0.0,0.0,0.0,0.5997474747474748,0.5997474747474748,0.0,0.5933420365535248,0.7558572496738154
20,5,0.0,0.0,0.0,0.0,0.0,0.0,0.7058080808080809,0.7058080808080809,0.0,0.7278067885117494,0.9999973992395628
20,6,0.0,0.0,0.0,0.0,0.0,0.0,0.6268939393939394,0.6268939393939394,0.0,0.6109660574412533,0.9999976900222589
20,7,0.0,0.0,0.0,0.0,0.0,0.0,0.6988636363636365,0.6988636363636365,0.0,0.7199738903394256,0.99999742482844
30,0,0.0,0.0,0.0,0.0,0.0,0.0,0.07007575757575758,0.07007575757575758,0.0,0.07571801566579635,0.9999997417849653
30,1,0.0,0.0,0.0,0.0,0.0,0.0,0.04797979797979798,0.04797979797979798,0.0,0.05221932114882506,0.9999998232041203
30,2,0.0,0.0,0.0,0.0,0.0,0.0,0.06376262626262627,0.06376262626262626,0.0,0.07049608355091384,0.9999997650475811
30,3,0.0,0.0,0.0,1.0,1.0,1.0,0.04924242424242425,0.04924242424242427,0.0,0.053524804177545696,1.6516457157500497e-07
30,4,1.0,1.0,1.0,0.0,0.0,0.0,0.5738636363636365,0.5738636363636365,0.0,0.5633159268929504,0.7558573450505395
30,5,0.0,0.0,0.0,0.0,0.0,0.0,0.7039141414141414,0.7039141414141414,0.0,0.7251958224543081,0.9999974062183474
30,6,0.0,0.0,0.0,0.0,0.0,0.0,0.5909090909090909,0.5909090909090909,0.0,0.585509138381201,0.9999978226191688
30,7,0.0,0.0,0.0,0.0,0.0,0.0,0.6963383838383839,0.6963383838383839,0.0,0.7173629242819843,0.9999974341334861
40,0,0.0,0.0,0.0,0.0,0.0,0.0,0.07323232323232323,0.07323232323232323,0.0,0.07898172323759792,0.9999997301536574
40,1,0.0,0.0,0.0,0.0,0.0,0.0,0.05050505050505051,0.05050505050505051,0.0,0.05678851174934726,0.9999998138990738
40,2,0.0,0.0,0.0,0.0,0.0,0.0,0.06818181818181819,0.06818181818181818,0.0,0.07702349869451697,0.99999974876375
40,3,0.0,0.0,0.0,1.0,1.0,1.0,0.051767676767676775,0.051767676767676775,0.0,0.05613577023498695,1.558595252859618e-07
40,4,1.0,1.0,1.0,0.0,0.0,0.0,0.5448232323232324,0.5448232323232324,0.0,0.545691906005222,0.7558574520585717
40,5,0.0,0.0,0.0,0.0,0.0,0.0,0.701388888888889,0.701388888888889,0.0,0.720626631853786,0.9999974155233939
40,6,0.0,0.0,0.0,0.0,0.0,0.0,0.5662878787878788,0.5662878787878789,0.0,0.5522193211488251,0.9999979133433698
40,7,0.0,0.0,0.0,0.0,0.0,0.0,0.6938131313131314,0.6938131313131313,0.0,0.7147519582245431,0.9999974434385326
50,0,0.0,0.0,0.0,0.0,0.0,0.0,0.0763888888888889,0.07638888888888888,0.0,0.0835509138381201,0.9999997185223499
50,1,0.0,0.0,0.0,0.0,0.0,0.0,0.05492424242424243,0.054924242424242424,0.0,0.06005221932114883,0.999999797615243
50,2,0.0,0.0,0.0,0.0,0.0,0.0,0.0744949494949495,0.0744949494949495,0.0,0.07963446475195822,0.9999997255011341
50,3,0.0,0.0,0.0,1.0,1.0,1.0,0.054292929292929296,0.054292929292929296,0.0,0.06201044386422976,1.4655447899691865e-07
50,4,1.0,1.0,1.0,0.0,0.0,0.0,0.5277777777777778,0.5277777777777778,0.0,0.5241514360313316,0.7558575148676341
50,5,0.0,0.0,0.0,0.0,0.0,0.0,0.696969696969697,0.6969696969696969,0.0,0.7186684073107049,0.9999974318072247
50,6,0.0,0.0,0.0,0.0,0.0,0.0,0.5340909090909092,0.5340909090909092,0.0,0.5221932114882507,0.9999980319827104
50,7,0.0,0.0,0.0,0.0,0.0,0.0,0.6912878787878789,0.6912878787878787,0.0,0.7121409921671018,0.9999974527435791
60,0,0.0,0.0,0.0,0.0,0.0,0.0,0.08080808080808081,0.08080808080808081,0.0,0.08681462140992167,0.9999997022385183
60,1,0.0,0.0,0.0,0.0,0.0,0.0,0.05808080808080809,0.05808080808080808,0.0,0.0639686684073107,0.9999997859839351
60,2,0.0,0.0,0.0,0.0,0.0,0.0,0.07702020202020203,0.07702020202020203,0.0,0.08485639686684074,0.9999997161960881
60,3,0.0,0.0,0.0,1.0,1.0,1.0,0.05997474747474748,0.059974747474747486,0.0,0.06919060052219321,1.2561812479106038e-07
60,4,1.0,1.0,1.0,0.0,0.0,0.0,0.5069444444444445,0.5069444444444445,0.0,0.5,0.7558575916342658
60,5,0.0,0.0,0.0,0.0,0.0,0.0,0.6950757575757577,0.6950757575757576,0.0,0.7147519582245431,0.9999974387860093
60,6,0.0,0.0,0.0,0.0,0.0,0.0,0.5050505050505051,0.5050505050505052,0.0,0.49738903394255873,0.9999981389907426
60,7,0.0,0.0,0.0,0.0,0.0,0.0,0.6887626262626263,0.6887626262626263,0.0,0.7049608355091384,0.9999974620486252
70,0,0.0,0.0,0.0,0.0,0.0,0.0,0.08396464646464648,0.08396464646464646,0.0,0.08877284595300261,0.9999996906072108
70,1,0.0,0.0,0.0,0.0,0.0,0.0,0.06186868686868687,0.06186868686868687,0.0,0.06723237597911227,0.9999997720263658
70,2,0.0,0.0,0.0,0.0,0.0,0.0,0.08207070707070707,0.08207070707070707,0.0,0.08746736292428199,0.9999996975859955
70,3,0.0,0.0,0.0,1.0,1.0,1.0,0.06691919191919192,0.06691919191919192,0.0,0.07180156657963446,1.0002924755170284e-07
70,4,1.0,1.0,1.0,0.0,0.0,0.0,0.4835858585858586,0.48358585858585856,0.0,0.48368146214099217,0.7558576777059443
70,5,0.0,0.0,0.0,0.0,0.0,0.0,0.6912878787878789,0.6912878787878787,0.0,0.7114882506527416,0.9999974527435791
70,6,0.0,0.0,0.0,0.0,0.0,0.0,0.4810606060606061,0.4810606060606061,0.0,0.47976501305483027,0.9999982273886823
70,7,0.0,0.0,0.0,0.0,0.0,0.0,0.6818181818181819,0.6818181818181819,0.0,0.7023498694516971,0.9999974876375024
80,0,0.0,0.0,0.0,0.0,0.0,0.0,0.08585858585858587,0.08585858585858586,0.0,0.09464751958224543,0.9999996836284262
80,1,0.0,0.0,0.0,0.0,0.0,0.0,0.06502525252525253,0.06502525252525253,0.0,0.06919060052219321,0.9999997603950579
80,2,0.0,0.0,0.0,0.0,0.0,0.0,0.0845959595959596,0.0845959595959596,0.0,0.09203655352480418,0.999999688280949
80,3,0.0,0.0,0.0,1.0,1.0,1.0,0.06944444444444445,0.06944444444444445,0.0,0.07702349869451697,9.072420148470428e-08
80,4,1.0,1.0,1.0,0.0,0.0,0.0,0.46780303030303033,0.4678030303030304,0.0,0.4595300261096606,0.7558577358624836
80,5,0.0,0.0,0.0,0.0,0.0,0.0,0.6881313131313131,0.6881313131313133,0.0,0.7095300261096605,0.9999974643748866
80,6,0.0,0.0,0.0,0.0,0.0,0.0,0.46401515151515155,0.46401515151515155,0.0,0.4614882506527415,0.9999982901977447
80,7,0.0,0.0,0.0,0.0,0.0,0.0,0.6792929292929294,0.6792929292929294,0.0,0.6964751958224543,0.9999974969425489
90,0,0.0,0.0,0.0,0.0,0.0,0.0,0.09154040404040405,0.09154040404040405,0.0,0.0,0.9999996626920717
90,1,0.0,0.0,0.0,0.0,0.0,0.0,0.06691919191919192,0.06691919191919192,0.0,0.0,0.9999997534162732
90,2,0.0,0.0,0.0,0.0,0.0,0.0,0.08901515151515152,0.08901515151515152,0.0,0.0,0.9999996719971183
90,3,0.0,0.0,0.0,1.0,1.0,0.0,0.0744949494949495,0.0744949494949495,0.0,0.0,7.211410868457335e-08
90,4,1.0,1.0,0.0,0.0,0.0,0.0,0.4444444444444445,0.4444444444444445,0.0,0.0,0.7558578219341616
90,5,0.0,0.0,0.0,0.0,0.0,0.0,0.6862373737373738,0.6862373737373738,0.0,0.0,0.9999974713536712
90,6,0.0,0.0,0.0,0.0,0.0,0.0,0.44633838383838387,0.44633838383838387,0.0,0.0,0.9999983553330685
90,7,0.0,0.0,0.0,0.0,0.0,0.0,0.6736111111111112,0.673611111111111,0.0,0.0,0.9999975178789029
0,0,1.0,1.0,1.0,0.0,0.0,0.0,0.9539141414141415,0.9539141414141414,0.0,0.7637075718015666,0.7558559446410733
0,1,0.0,0.0,0.0,0.0,0.0,0.0,0.8876262626262627,0.8876262626262627,0.0,0.9014360313315927,0.99999672927623
0,2,0.0,0.0,0.0,0.0,0.0,0.0,0.7411616161616162,0.7411616161616162,0.0,0.7186684073107049,0.9999972689689147
0,3,0.0,0.0,0.0,0.0,0.0,0.0,0.5738636363636365,0.5738636363636365,0.0,0.5959530026109661,0.9999978854282312
0,4,0.0,0.0,0.0,0.0,0.0,0.0,0.0,0.0,0.0,0.0,1.0
0,5,0.0,0.0,0.0,0.0,0.0,0.0,0.0,0.0,0.0,0.0,1.0
0,6,0.0,0.0,0.0,0.0,0.0,0.0,0.0,0.0,0.0,0.0,1.0
0,7,0.0,0.0,0.0,0.0,0.0,0.0,0.0,0.0,0.0,0.0,1.0
10,0,1.0,1.0,1.0,0.0,0.0,0.0,0.7386363636363636,0.7386363636363636,0.0,0.7030026109660574,0.7558567378962693
10,1,0.0,0.0,0.0,0.0,0.0,0.0,0.8718434343434344,0.8718434343434344,0.0,0.8870757180156658,0.9999967874327695
10,2,0.0,0.0,0.0,0.0,0.0,0.0,0.6950757575757577,0.6950757575757576,0.0,0.6873368146214099,0.9999974387860093
10,3,0.0,0.0,0.0,0.0,0.0,0.0,0.576388888888889,0.576388888888889,0.0,0.5933420365535248,0.9999978761231847
10,4,0.0,0.0,0.0,0.0,0.0,0.0,0.0,0.0,0.0,0.0,1.0
10,5,0.0,0.0,0.0,0.0,0.0,0.0,0.0,0.0,0.0,0.0,1.0
10,6,0.0,0.0,0.0,0.0,0.0,0.0,0.0,0.0,0.0,0.0,1.0
10,7,0.0,0.0,0.0,0.0,0.0,0.0,0.0,0.0,0.0,0.0,1.0
20,0,1.0,1.0,1.0,0.0,0.0,0.0,0.6799242424242424,0.6799242424242427,0.0,0.6586161879895561,0.7558569542385956
20,1,0.0,0.0,0.0,0.0,0.0,0.0,0.8579545454545455,0.8579545454545455,0.0,0.8766318537859008,0.999996838610524
20,2,0.0,0.0,0.0,0.0,0.0,0.0,0.6647727272727273,0.6647727272727273,0.0,0.6514360313315927,0.9999975504465648
20,3,0.0,0.0,0.0,0.0,0.0,0.0,0.5738636363636365,0.5738636363636365,0.0,0.5933420365535248,0.9999978854282312
20,4,0.0,0.0,0.0,0.0,0.0,0.0,0.0,0.0,0.0,0.0,1.0
20,5,0.0,0.0,0.0,0.0,0.0,0.0,0.0,0.0,0.0,0.0,1.0
20,6,0.0,0.0,0.0,0.0,0.0,0.0,0.0,0.0,0.0,0.0,1.0
20,7,0.0,0.0,0.0,0.0,0.0,0.0,0.0,0.0,0.0,0.0,1.0
30,0,1.0,1.0,1.0,0.0,0.0,0.0,0.6369949494949495,0.6369949494949496,0.0,0.6096605744125326,0.7558571124243825
30,1,0.0,0.0,0.0,0.0,0.0,0.0,0.8478535353535355,0.8478535353535355,0.0,0.8577023498694517,0.9999968758307092
30,2,0.0,0.0,0.0,0.0,0.0,0.0,0.6300505050505051,0.6300505050505051,0.0,0.622715404699739,0.9999976783909514
30,3,0.0,0.0,0.0,0.0,0.0,0.0,0.5738636363636365,0.5738636363636365,0.0,0.5926892950391645,0.9999978854282312
30,4,0.0,0.0,0.0,0.0,0.0,0.0,0.0,0.0,0.0,0.0,1.0
30,5,0.0,0.0,0.0,0.0,0.0,0.0,0.0,0.0,0.0,0.0,1.0
30,6,0.0,0.0,0.0,0.0,0.0,0.0,0.0,0.0,0.0,0.0,1.0
30,7,0.0,0.0,0.0,0.0,0.0,0.0,0.0,0.0,0.0,0.0,1.0
40,0,1.0,1.0,1.0,0.0,0.0,0.0,0.5896464646464648,0.5896464646464646,0.0,0.577023498694517,0.7558572868940001
40,1,0.0,0.0,0.0,0.0,0.0,0.0,0.8295454545454546,0.8295454545454546,0.0,0.839425587467363,0.9999969432922948
40,2,0.0,0.0,0.0,0.0,0.0,0.0,0.6022727272727273,0.6022727272727273,0.0,0.5998694516971279,0.9999977807464604
40,3,0.0,0.0,0.0,0.0,0.0,0.0,0.5732323232323233,0.5732323232323232,0.0,0.5907310704960835,0.999997887754493
40,4,0.0,0.0,0.0,0.0,0.0,0.0,0.0,0.0,0.0,0.0,1.0
40,5,0.0,0.0,0.0,0.0,0.0,0.0,0.0,0.0,0.0,0.0,1.0
40,6,0.0,0.0,0.0,0.0,0.0,0.0,0.0,0.0,0.0,0.0,1.0
40,7,0.0,0.0,0.0,0.0,0.0,0.0,0.0,0.0,0.0,0.0,1.0
50,0,1.0,1.0,1.0,0.0,0.0,0.0,0.5580808080808082,0.5580808080808082,0.0,0.5476501305483029,0.7558574032070786
50,1,0.0,0.0,0.0,0.0,0.0,0.0,0.811868686868687,0.8118686868686869,0.0,0.8276762402088773,0.9999970084276186
50,2,0.0,0.0,0.0,0.0,0.0,0.0,0.5801767676767677,0.5801767676767677,0.0,0.5731070496083551,0.9999978621656154
50,3,0.0,0.0,0.0,0.0,0.0,0.0,0.5713383838383839,0.571338383838384,0.0,0.5926892950391645,0.9999978947332777
50,4,0.0,0.0,0.0,0.0,0.0,0.0,0.0,0.0,0.0,0.0,1.0
50,5,0.0,0.0,0.0,0.0,0.0,0.0,0.0,0.0,0.0,0.0,1.0
50,6,0.0,0.0,0.0,0.0,0.0,0.0,0.0,0.0,0.0,0.0,1.0
50,7,0.0,0.0,0.0,0.0,0.0,0.0,0.0,0.0,0.0,0.0,1.0
60,0,1.0,1.0,1.0,0.0,0.0,0.0,0.5296717171717172,0.5296717171717171,0.0,0.5091383812010444,0.7558575078888492
60,1,0.0,0.0,0.0,0.0,0.0,0.0,0.8005050505050506,0.8005050505050505,0.0,0.8080939947780679,0.999997050300327
60,2,0.0,0.0,0.0,0.0,0.0,0.0,0.5542929292929294,0.5542929292929294,0.0,0.5574412532637075,0.9999979575423401
60,3,0.0,0.0,0.0,0.0,0.0,0.0,0.5732323232323233,0.5732323232323232,0.0,0.5907310704960835,0.999997887754493
60,4,0.0,0.0,0.0,0.0,0.0,0.0,0.0,0.0,0.0,0.0,1.0
60,5,0.0,0.0,0.0,0.0,0.0,0.0,0.0,0.0,0.0,0.0,1.0
60,6,0.0,0.0,0.0,0.0,0.0,0.0,0.0,0.0,0.0,0.0,1.0
60,7,0.0,0.0,0.0,0.0,0.0,0.0,0.0,0.0,0.0,0.0,1.0
70,0,1.0,1.0,1.0,0.0,0.0,0.0,0.4924242424242425,0.4924242424242425,0.0,0.4699738903394256,0.7558576451382824
70,1,0.0,0.0,0.0,0.0,0.0,0.0,0.7815656565656567,0.7815656565656566,0.0,0.7891644908616188,0.9999971200881741
70,2,0.0,0.0,0.0,0.0,0.0,0.0,0.5391414141414141,0.5391414141414141,0.0,0.5300261096605744,0.9999980133726174
70,3,0.0,0.0,0.0,0.0,0.0,0.0,0.5713383838383839,0.571338383838384,0.0,0.5939947780678851,0.9999978947332777
70,4,0.0,0.0,0.0,0.0,0.0,0.0,0.0,0.0,0.0,0.0,1.0
70,5,0.0,0.0,0.0,0.0,0.0,0.0,0.0,0.0,0.0,0.0,1.0
70,6,0.0,0.0,0.0,0.0,0.0,0.0,0.0,0.0,0.0,0.0,1.0
70,7,0.0,0.0,0.0,0.0,0.0,0.0,0.0,0.0,0.0,0.0,1.0
80,0,1.0,1.0,1.0,0.0,0.0,0.0,0.4545454545454546,0.4545454545454546,0.0,0.4321148825065274,0.7558577847139765
80,1,0.0,0.0,0.0,0.0,0.0,0.0,0.7632575757575758,0.7632575757575758,0.0,0.7741514360313316,0.9999971875497597
80,2,0.0,0.0,0.0,0.0,0.0,0.0,0.5126262626262627,0.5126262626262627,0.0,0.5097911227154047,0.9999981110756035
80,3,0.0,0.0,0.0,0.0,0.0,0.0,0.5744949494949495,0.5744949494949496,0.0,0.5926892950391645,0.9999978831019698
80,4,0.0,0.0,0.0,0.0,0.0,0.0,0.0,0.0,0.0,0.0,1.0
80,5,0.0,0.0,0.0,0.0,0.0,0.0,0.0,0.0,0.0,0.0,1.0
80,6,0.0,0.0,0.0,0.0,0.0,0.0,0.0,0.0,0.0,0.0,1.0
80,7,0.0,0.0,0.0,0.0,0.0,0.0,0.0,0.0,0.0,0.0,1.0
90,0,1.0,1.0,0.0,0.0,0.0,0.0,0.417929292929293,0.41792929292929293,0.0,0.0,0.7558579196371475
90,1,0.0,0.0,0.0,0.0,0.0,0.0,0.7487373737373738,0.7487373737373738,0.0,0.0,0.9999972410537756
90,2,0.0,0.0,0.0,0.0,0.0,0.0,0.4930555555555556,0.49305555555555564,0.0,0.0,0.9999981831897129
90,3,0.0,0.0,0.0,0.0,0.0,0.0,0.5732323232323233,0.5732323232323232,0.0,0.0,0.999997887754493
90,4,0.0,0.0,0.0,0.0,0.0,0.0,0.0,0.0,0.0,0.0,1.0
90,5,0.0,0.0,0.0,0.0,0.0,0.0,0.0,0.0,0.0,0.0,1.0
90,6,0.0,0.0,0.0,0.0,0.0,0.0,0.0,0.0,0.0,0.0,1.0
90,7,0.0,0.0,0.0,0.0,0.0,0.0,0.0,0.0,0.0,0.0,1.0
0,0,1.0,1.0,1.0,0.0,0.0,0.0,0.8541666666666667,0.8541666666666667,0.0,0.8694516971279374,0.7558563121904016
0,1,0.0,0.0,0.0,0.0,0.0,0.0,0.826388888888889,0.826388888888889,0.0,0.8400783289817233,0.9999969549236023
0,2,0.0,0.0,0.0,0.0,0.0,0.0,0.7203282828282829,0.7203282828282829,0.0,0.7434725848563969,0.9999973457355464
0,3,0.0,0.0,0.0,0.0,0.0,0.0,0.7556818181818182,0.7556818181818182,0.0,0.7813315926892951,0.9999972154648984
0,4,0.0,0.0,0.0,0.0,0.0,0.0,0.0,0.0,0.0,0.0,1.0
0,5,0.0,0.0,0.0,0.0,0.0,0.0,0.0,0.0,0.0,0.0,1.0
0,6,0.0,0.0,0.0,0.0,0.0,0.0,0.0,0.0,0.0,0.0,1.0
0,7,0.0,0.0,0.0,0.0,0.0,0.0,0.0,0.0,0.0,0.0,1.0
10,0,1.0,1.0,1.0,0.0,0.0,0.0,0.8409090909090909,0.8409090909090909,0.0,0.8609660574412533,0.7558563610418949
10,1,0.0,0.0,0.0,0.0,0.0,0.0,0.8125000000000001,0.8125,0.0,0.8348563968668408,0.9999970061013572
10,2,0.0,0.0,0.0,0.0,0.0,0.0,0.7190656565656566,0.7190656565656566,0.0,0.7382506527415144,0.9999973503880701
10,3,0.0,0.0,0.0,0.0,0.0,0.0,0.7556818181818182,0.7556818181818182,0.0,0.7728459530026109,0.9999972154648984
10,4,0.0,0.0,0.0,0.0,0.0,0.0,0.0,0.0,0.0,0.0,1.0
10,5,0.0,0.0,0.0,0.0,0.0,0.0,0.0,0.0,0.0,0.0,1.0
10,6,0.0,0.0,0.0,0.0,0.0,0.0,0.0,0.0,0.0,0.0,1.0
10,7,0.0,0.0,0.0,0.0,0.0,0.0,0.0,0.0,0.0,0.0,1.0
20,0,1.0,1.0,1.0,0.0,0.0,0.0,0.8327020202020202,0.8327020202020202,0.0,0.8472584856396866,0.7558563912832952
20,1,0.0,0.0,0.0,0.0,0.0,0.0,0.807449494949495,0.807449494949495,0.0,0.8204960835509139,0.9999970247114498
20,2,0.0,0.0,0.0,0.0,0.0,0.0,0.7140151515151516,0.7140151515151515,0.0,0.7382506527415144,0.9999973689981623
20,3,0.0,0.0,0.0,0.0,0.0,0.0,0.7474747474747475,0.7474747474747476,0.0,0.7669712793733682,0.9999972457062989
20,4,0.0,0.0,0.0,0.0,0.0,0.0,0.0,0.0,0.0,0.0,1.0
20,5,0.0,0.0,0.0,0.0,0.0,0.0,0.0,0.0,0.0,0.0,1.0
20,6,0.0,0.0,0.0,0.0,0.0,0.0,0.0,0.0,0.0,0.0,1.0
20,7,0.0,0.0,0.0,0.0,0.0,0.0,0.0,0.0,0.0,0.0,1.0
30,0,1.0,1.0,1.0,0.0,0.0,0.0,0.8194444444444445,0.8194444444444444,0.0,0.8400783289817233,0.755856440134788
30,1,0.0,0.0,0.0,0.0,0.0,0.0,0.7935606060606061,0.7935606060606061,0.0,0.8159268929503917,0.9999970758892043
30,2,0.0,0.0,0.0,0.0,0.0,0.0,0.7140151515151516,0.7140151515151515,0.0,0.7271540469973891,0.9999973689981623
30,3,0.0,0.0,0.0,0.0,0.0,0.0,0.7417929292929294,0.7417929292929294,0.0,0.7552219321148825,0.9999972666426533
30,4,0.0,0.0,0.0,0.0,0.0,0.0,0.0,0.0,0.0,0.0,1.0
30,5,0.0,0.0,0.0,0.0,0.0,0.0,0.0,0.0,0.0,0.0,1.0
30,6,0.0,0.0,0.0,0.0,0.0,0.0,0.0,0.0,0.0,0.0,1.0
30,7,0.0,0.0,0.0,0.0,0.0,0.0,0.0,0.0,0.0,0.0,1.0
40,0,1.0,1.0,1.0,0.0,0.0,0.0,0.8125000000000001,0.8125,0.0,0.8315926892950392,0.7558564657236653
40,1,0.0,0.0,0.0,0.0,0.0,0.0,0.7891414141414143,0.7891414141414141,0.0,0.8054830287206266,0.9999970921730355
40,2,0.0,0.0,0.0,0.0,0.0,0.0,0.7032828282828283,0.7032828282828283,0.0,0.7154046997389034,0.9999974085446097
40,3,0.0,0.0,0.0,0.0,0.0,0.0,0.730429292929293,0.7304292929292929,0.0,0.7428198433420365,0.9999973085153613
40,4,0.0,0.0,0.0,0.0,0.0,0.0,0.0,0.0,0.0,0.0,1.0
40,5,0.0,0.0,0.0,0.0,0.0,0.0,0.0,0.0,0.0,0.0,1.0
40,6,0.0,0.0,0.0,0.0,0.0,0.0,0.0,0.0,0.0,0.0,1.0
40,7,0.0,0.0,0.0,0.0,0.0,0.0,0.0,0.0,0.0,0.0,1.0
50,0,1.0,1.0,1.0,0.0,0.0,0.0,0.8042929292929294,0.8042929292929295,0.0,0.8159268929503917,0.755856495965066
50,1,0.0,0.0,0.0,0.0,0.0,0.0,0.7790404040404041,0.779040404040404,0.0,0.79177545691906,0.9999971293932206
50,2,0.0,0.0,0.0,0.0,0.0,0.0,0.6919191919191919,0.6919191919191918,0.0,0.7108355091383812,0.9999974504173172
50,3,0.0,0.0,0.0,0.0,0.0,0.0,0.7184343434343435,0.7184343434343434,0.0,0.7402088772845953,0.9999973527143311
50,4,0.0,0.0,0.0,0.0,0.0,0.0,0.0,0.0,0.0,0.0,1.0
50,5,0.0,0.0,0.0,0.0,0.0,0.0,0.0,0.0,0.0,0.0,1.0
50,6,0.0,0.0,0.0,0.0,0.0,0.0,0.0,0.0,0.0,0.0,1.0
50,7,0.0,0.0,0.0,0.0,0.0,0.0,0.0,0.0,0.0,0.0,1.0
60,0,1.0,1.0,1.0,0.0,0.0,0.0,0.7891414141414143,0.7891414141414141,0.0,0.8035248041775457,0.7558565517953435
60,1,0.0,0.0,0.0,0.0,0.0,0.0,0.7657828282828284,0.7657828282828283,0.0,0.7859007832898173,0.9999971782447132
60,2,0.0,0.0,0.0,0.0,0.0,0.0,0.6875000000000001,0.6875,0.0,0.6984334203655352,0.9999974667011484
60,3,0.0,0.0,0.0,0.0,0.0,0.0,0.7159090909090909,0.7159090909090909,0.0,0.7271540469973891,0.9999973620193776
60,4,0.0,0.0,0.0,0.0,0.0,0.0,0.0,0.0,0.0,0.0,1.0
60,5,0.0,0.0,0.0,0.0,0.0,0.0,0.0,0.0,0.0,0.0,1.0
60,6,0.0,0.0,0.0,0.0,0.0,0.0,0.0,0.0,0.0,0.0,1.0
60,7,0.0,0.0,0.0,0.0,0.0,0.0,0.0,0.0,0.0,0.0,1.0
70,0,1.0,1.0,1.0,0.0,0.0,0.0,0.7771464646464648,0.7771464646464646,0.0,0.7865535248041775,0.7558565959943135
70,1,0.0,0.0,0.0,0.0,0.0,0.0,0.7601010101010102,0.76010101010101,0.0,0.7813315926892951,0.9999971991810677
70,2,0.0,0.0,0.0,0.0,0.0,0.0,0.6755050505050506,0.6755050505050505,0.0,0.6892950391644909,0.9999975109001178
70,3,0.0,0.0,0.0,0.0,0.0,0.0,0.7032828282828283,0.7032828282828283,0.0,0.720626631853786,0.9999974085446097
70,4,0.0,0.0,0.0,0.0,0.0,0.0,0.0,0.0,0.0,0.0,1.0
70,5,0.0,0.0,0.0,0.0,0.0,0.0,0.0,0.0,0.0,0.0,1.0
70,6,0.0,0.0,0.0,0.0,0.0,0.0,0.0,0.0,0.0,0.0,1.0
70,7,0.0,0.0,0.0,0.0,0.0,0.0,0.0,0.0,0.0,0.0,1.0
80,0,1.0,1.0,1.0,0.0,0.0,0.0,0.7607323232323233,0.7607323232323232,0.0,0.7780678851174935,0.7558566564771143
80,1,0.0,0.0,0.0,0.0,0.0,0.0,0.7556818181818182,0.7556818181818182,0.0,0.7728459530026109,0.9999972154648984
80,2,0.0,0.0,0.0,0.0,0.0,0.0,0.6666666666666667,0.6666666666666667,0.0,0.674934725848564,0.9999975434677801
80,3,0.0,0.0,0.0,0.0,0.0,0.0,0.696969696969697,0.6969696969696969,0.0,0.7056135770234987,0.9999974318072247
80,4,0.0,0.0,0.0,0.0,0.0,0.0,0.0,0.0,0.0,0.0,1.0
80,5,0.0,0.0,0.0,0.0,0.0,0.0,0.0,0.0,0.0,0.0,1.0
80,6,0.0,0.0,0.0,0.0,0.0,0.0,0.0,0.0,0.0,0.0,1.0
80,7,0.0,0.0,0.0,0.0,0.0,0.0,0.0,0.0,0.0,0.0,1.0
90,0,1.0,1.0,0.0,0.0,0.0,0.0,0.7525252525252526,0.7525252525252526,0.0,0.0,0.7558566867185148
90,1,0.0,0.0,0.0,0.0,0.0,0.0,0.7474747474747475,0.7474747474747476,0.0,0.0,0.9999972457062989
90,2,0.0,0.0,0.0,0.0,0.0,0.0,0.6527777777777778,0.6527777777777778,0.0,0.0,0.9999975946455351
90,3,0.0,0.0,0.0,0.0,0.0,0.0,0.682449494949495,0.682449494949495,0.0,0.0,0.999997485311241
90,4,0.0,0.0,0.0,0.0,0.0,0.0,0.0,0.0,0.0,0.0,1.0
90,5,0.0,0.0,0.0,0.0,0.0,0.0,0.0,0.0,0.0,0.0,1.0
90,6,0.0,0.0,0.0,0.0,0.0,0.0,0.0,0.0,0.0,0.0,1.0
90,7,0.0,0.0,0.0,0.0,0.0,0.0,0.0,0.0,0.0,0.0,1.0
0,0,0.0,0.0,0.0,0.0,0.0,0.0,0.0,0.0,0.0,0.0,1.0
0,1,0.0,0.0,0.0,0.0,0.0,0.0,0.0,0.0,0.0,0.0,1.0
0,2,0.0,0.0,0.0,0.0,0.0,0.0,0.0,0.0,0.0,0.0,1.0
0,3,0.0,0.0,0.0,1.0,1.0,1.0,0.0,0.0,0.0,0.0,3.466129741003243e-07
0,4,1.0,1.0,1.0,0.0,0.0,0.0,0.9974747474747475,0.9974747474747475,0.0,0.8087467362924282,0.755855784129025
0,5,0.0,0.0,0.0,0.0,0.0,0.0,0.8970959595959597,0.8970959595959597,0.0,0.922976501305483,0.9999966943823067
0,6,0.0,0.0,0.0,0.0,0.0,0.0,0.682449494949495,0.682449494949495,0.0,0.6586161879895561,0.999997485311241
0,7,0.0,0.0,0.0,0.0,0.0,0.0,0.5795454545454546,0.5795454545454546,0.0,0.6050913838120104,0.9999978644918772
10,0,0.0,0.0,0.0,0.0,0.0,0.0,0.0,0.0,0.0,0.0,1.0
10,1,0.0,0.0,0.0,0.0,0.0,0.0,0.0,0.0,0.0,0.0,1.0
10,2,0.0,0.0,0.0,0.0,0.0,0.0,0.0,0.0,0.0,0.0,1.0
10,3,0.0,0.0,0.0,1.0,1.0,1.0,0.0,0.0,0.0,0.0,3.466129741003243e-07
10,4,1.0,1.0,1.0,0.0,0.0,0.0,0.7821969696969697,0.7821969696969697,0.0,0.7539164490861618,0.7558565773842207
10,5,0.0,0.0,0.0,0.0,0.0,0.0,0.8926767676767677,0.8926767676767677,0.0,0.9112271540469974,0.9999967106661378
10,6,0.0,0.0,0.0,0.0,0.0,0.0,0.6369949494949495,0.6369949494949496,0.0,0.6390339425587468,0.9999976528020738
10,7,0.0,0.0,0.0,0.0,0.0,0.0,0.5852272727272728,0.5852272727272727,0.0,0.608355091383812,0.9999978435555228
20,0,0.0,0.0,0.0,0.0,0.0,0.0,0.0,0.0,0.0,0.0,1.0
20,1,0.0,0.0,0.0,0.0,0.0,0.0,0.0,0.0,0.0,0.0,1.0
20,2,0.0,0.0,0.0,0.0,0.0,0.0,0.0,0.0,0.0,0.0,1.0
20,3,0.0,0.0,0.0,1.0,1.0,1.0,0.0,0.0,0.0,0.0,3.466129741003243e-07
20,4,1.0,1.0,1.0,0.0,0.0,0.0,0.7291666666666667,0.7291666666666667,0.0,0.6990861618798956,0.7558567727901926
20,5,0.0,0.0,0.0,0.0,0.0,0.0,0.8813131313131314,0.8813131313131313,0.0,0.9027415143603134,0.9999967525388458
20,6,0.0,0.0,0.0,0.0,0.0,0.0,0.6180555555555556,0.6180555555555556,0.0,0.6161879895561357,0.9999977225899213
20,7,0.0,0.0,0.0,0.0,0.0,0.0,0.5883838383838385,0.5883838383838383,0.0,0.6090078328981723,0.9999978319242149
30,0,0.0,0.0,0.0,0.0,0.0,0.0,0.0,0.0,0.0,0.0,1.0
30,1,0.0,0.0,0.0,0.0,0.0,0.0,0.0,0.0,0.0,0.0,1.0
30,2,0.0,0.0,0.0,0.0,0.0,0.0,0.0,0.0,0.0,0.0,1.0
30,3,0.0,0.0,0.0,1.0,1.0,1.0,0.0,0.0,0.0,0.0,3.466129741003243e-07
30,4,1.0,1.0,1.0,0.0,0.0,0.0,0.6761363636363636,0.6761363636363636,0.0,0.6566579634464752,0.7558569681961651
30,5,0.0,0.0,0.0,0.0,0.0,0.0,0.8731060606060607,0.8731060606060607,0.0,0.8903394255874674,0.9999967827802463
30,6,0.0,0.0,0.0,0.0,0.0,0.0,0.595959595959596,0.595959595959596,0.0,0.6018276762402088,0.9999978040090758
30,7,0.0,0.0,0.0,0.0,0.0,0.0,0.5890151515151516,0.5890151515151515,0.0,0.6129242819843342,0.9999978295979535
40,0,0.0,0.0,0.0,0.0,0.0,0.0,0.0,0.0,0.0,0.0,1.0
40,1,0.0,0.0,0.0,0.0,0.0,0.0,0.0,0.0,0.0,0.0,1.0
40,2,0.0,0.0,0.0,0.0,0.0,0.0,0.0,0.0,0.0,0.0,1.0
40,3,0.0,0.0,0.0,1.0,1.0,1.0,0.0,0.0,0.0,0.0,3.466129741003243e-07
40,4,1.0,1.0,1.0,0.0,0.0,0.0,0.6351010101010102,0.63510101010101,0.0,0.622715404699739,0.7558571194031671
40,5,0.0,0.0,0.0,0.0,0.0,0.0,0.8611111111111112,0.8611111111111112,0.0,0.8844647519582246,0.9999968269792161
40,6,0.0,0.0,0.0,0.0,0.0,0.0,0.5820707070707071,0.5820707070707071,0.0,0.5789817232375979,0.9999978551868312
40,7,0.0,0.0,0.0,0.0,0.0,0.0,0.5928030303030304,0.5928030303030303,0.0,0.6142297650130548,0.9999978156403841
50,0,0.0,0.0,0.0,0.0,0.0,0.0,0.0,0.0,0.0,0.0,1.0
50,1,0.0,0.0,0.0,0.0,0.0,0.0,0.0,0.0,0.0,0.0,1.0
50,2,0.0,0.0,0.0,0.0,0.0,0.0,0.0,0.0,0.0,0.0,1.0
50,3,0.0,0.0,0.0,1.0,1.0,1.0,0.0,0.0,0.0,0.0,3.466129741003243e-07
50,4,1.0,1.0,1.0,0.0,0.0,0.0,0.6022727272727273,0.6022727272727273,0.0,0.5835509138381201,0.7558572403687689
50,5,0.0,0.0,0.0,0.0,0.0,0.0,0.855429292929293,0.8554292929292929,0.0,0.8766318537859008,0.9999968479155701
50,6,0.0,0.0,0.0,0.0,0.0,0.0,0.5599747474747475,0.5599747474747475,0.0,0.5593994778067886,0.9999979366059857
50,7,0.0,0.0,0.0,0.0,0.0,0.0,0.5940656565656566,0.5940656565656566,0.0,0.622715404699739,0.9999978109878609
60,0,0.0,0.0,0.0,0.0,0.0,0.0,0.0,0.0,0.0,0.0,1.0
60,1,0.0,0.0,0.0,0.0,0.0,0.0,0.0,0.0,0.0,0.0,1.0
60,2,0.0,0.0,0.0,0.0,0.0,0.0,0.0,0.0,0.0,0.0,1.0
60,3,0.0,0.0,0.0,1.0,1.0,1.0,0.0,0.0,0.0,0.0,3.466129741003243e-07
60,4,1.0,1.0,1.0,0.0,0.0,0.0,0.5643939393939394,0.5643939393939396,0.0,0.5548302872062664,0.7558573799444628
60,5,0.0,0.0,0.0,0.0,0.0,0.0,0.8478535353535355,0.8478535353535355,0.0,0.8642297650130548,0.9999968758307092
60,6,0.0,0.0,0.0,0.0,0.0,0.0,0.5410353535353536,0.5410353535353536,0.0,0.5476501305483029,0.9999980063938327
60,7,0.0,0.0,0.0,0.0,0.0,0.0,0.6022727272727273,0.6022727272727273,0.0,0.6240208877284595,0.9999977807464604
70,0,0.0,0.0,0.0,0.0,0.0,0.0,0.0,0.0,0.0,0.00391644908616188,1.0
70,1,0.0,0.0,0.0,0.0,0.0,0.0,0.0,0.0,0.0,0.0,1.0
70,2,0.0,0.0,0.0,0.0,0.0,0.0,0.0,0.0,0.0,0.0,1.0
70,3,0.0,0.0,0.0,1.0,1.0,1.0,0.0,0.0,0.0,0.0,3.466129741003243e-07
70,4,1.0,1.0,1.0,0.0,0.0,0.0,0.5366161616161617,0.5366161616161617,0.0,0.5195822454308094,0.7558574822999722
70,5,0.0,0.0,0.0,0.0,0.0,0.0,0.835858585858586,0.8358585858585859,0.0,0.8426892950391645,0.999996920029679
70,6,0.0,0.0,0.0,0.0,0.0,0.0,0.5296717171717172,0.5296717171717171,0.0,0.5372062663185379,0.9999980482665412
70,7,0.0,0.0,0.0,0.0,0.0,0.0,0.6035353535353536,0.6035353535353536,0.0,0.6253263707571801,0.9999977760939376
80,0,0.0,0.0,0.0,0.0,0.0,0.0,0.003787878787878788,0.003787878787878789,0.0,0.01174934725848564,0.9999999860424302
80,1,0.0,0.0,0.0,0.0,0.0,0.0,0.0,0.0,0.0,0.006527415143603133,1.0
80,2,0.0,0.0,0.0,0.0,0.0,0.0,0.0,0.0,0.0,0.00391644908616188,1.0
80,3,0.0,0.0,0.0,1.0,1.0,1.0,0.0,0.0,0.0,0.0013054830287206266,3.466129741003243e-07
80,4,1.0,1.0,1.0,0.0,0.0,0.0,0.5025252525252526,0.5025252525252525,0.0,0.4934725848563969,0.7558576079180972
80,5,0.0,0.0,0.0,0.0,0.0,0.0,0.8150252525252526,0.8150252525252526,0.0,0.8283289817232377,0.9999969967963107
80,6,0.0,0.0,0.0,0.0,0.0,0.0,0.5195707070707071,0.5195707070707071,0.0,0.5215404699738904,0.9999980854867263
80,7,0.0,0.0,0.0,0.0,0.0,0.0,0.6047979797979799,0.6047979797979798,0.0,0.6253263707571801,0.9999977714414143
90,0,0.0,0.0,0.0,0.0,0.0,0.0,0.011363636363636364,0.011363636363636367,0.0,0.0,0.9999999581272911
90,1,0.0,0.0,0.0,0.0,0.0,0.0,0.006313131313131314,0.006313131313131314,0.0,0.0,0.9999999767373842
90,2,0.0,0.0,0.0,0.0,0.0,0.0,0.003787878787878788,0.003787878787878789,0.0,0.0,0.9999999860424302
90,3,0.0,0.0,0.0,1.0,1.0,0.0,0.0012626262626262627,0.0012626262626262627,0.0,0.0,3.4196045106682504e-07
90,4,1.0,1.0,0.0,0.0,0.0,0.0,0.4772727272727273,0.4772727272727273,0.0,0.0,0.7558577009685599
90,5,0.0,0.0,0.0,0.0,0.0,0.0,0.8011363636363638,0.8011363636363636,0.0,0.0,0.9999970479740656
90,6,0.0,0.0,0.0,0.0,0.0,0.0,0.5044191919191919,0.5044191919191919,0.0,0.0,0.999998141317004
90,7,0.0,0.0,0.0,0.0,0.0,0.0,0.6047979797979799,0.6047979797979798,0.0,0.0,0.9999977714414143
0,0,0.0,0.0,0.0,0.0,0.0,0.0,0.0,0.0,0.0,0.0,1.0
0,1,0.0,0.0,0.0,0.0,0.0,0.0,0.0,0.0,0.0,0.0,1.0
0,2,0.0,0.0,0.0,0.0,0.0,0.0,0.0,0.0,0.0,0.0,1.0
0,3,0.0,0.0,0.0,1.0,1.0,1.0,0.0,0.0,0.0,0.0,3.466129741003243e-07
0,4,1.0,1.0,1.0,0.0,0.0,0.0,0.9766414141414143,0.9766414141414141,0.0,0.7845953002610966,0.7558558608956569
0,5,0.0,0.0,0.0,0.0,0.0,0.0,0.8920454545454546,0.8920454545454546,0.0,0.9131853785900783,0.9999967129923992
0,6,0.0,0.0,0.0,0.0,0.0,0.0,0.6805555555555556,0.6805555555555557,0.0,0.6592689295039165,0.9999974922900257
0,7,0.0,0.0,0.0,0.0,0.0,0.0,0.6073232323232324,0.6073232323232324,0.0,0.6325065274151436,0.9999977621363678
10,0,0.0,0.0,0.0,0.0,0.0,0.0,0.0,0.0,0.0,0.0,1.0
10,1,0.0,0.0,0.0,0.0,0.0,0.0,0.0,0.0,0.0,0.0,1.0
10,2,0.0,0.0,0.0,0.0,0.0,0.0,0.0,0.0,0.0,0.0,1.0
10,3,0.0,0.0,0.0,1.0,1.0,1.0,0.0,0.0,0.0,0.0,3.466129741003243e-07
10,4,1.0,1.0,1.0,0.0,0.0,0.0,0.7588383838383839,0.7588383838383839,0.0,0.7238903394255874,0.755856663455899
10,5,0.0,0.0,0.0,0.0,0.0,0.0,0.8832070707070708,0.8832070707070707,0.0,0.9014360313315927,0.9999967455600611
10,6,0.0,0.0,0.0,0.0,0.0,0.0,0.6376262626262627,0.6376262626262627,0.0,0.631201044386423,0.9999976504758123
10,7,0.0,0.0,0.0,0.0,0.0,0.0,0.6117424242424243,0.6117424242424242,0.0,0.6344647519582246,0.9999977458525371
20,0,0.0,0.0,0.0,0.0,0.0,0.0,0.0,0.0,0.0,0.0,1.0
20,1,0.0,0.0,0.0,0.0,0.0,0.0,0.0,0.0,0.0,0.0,1.0
20,2,0.0,0.0,0.0,0.0,0.0,0.0,0.0,0.0,0.0,0.0,1.0
20,3,0.0,0.0,0.0,1.0,1.0,1.0,0.0,0.0,0.0,0.0,3.466129741003243e-07
20,4,1.0,1.0,1.0,0.0,0.0,0.0,0.7001262626262627,0.7001262626262627,0.0,0.6795039164490861,0.7558568797982252
20,5,0.0,0.0,0.0,0.0,0.0,0.0,0.8718434343434344,0.8718434343434344,0.0,0.893603133159269,0.9999967874327695
20,6,0.0,0.0,0.0,0.0,0.0,0.0,0.610479797979798,0.610479797979798,0.0,0.6031331592689295,0.9999977505050599
20,7,0.0,0.0,0.0,0.0,0.0,0.0,0.6136363636363636,0.6136363636363636,0.0,0.6357702349869452,0.9999977388737524
30,0,0.0,0.0,0.0,0.0,0.0,0.0,0.0,0.0,0.0,0.0,1.0
30,1,0.0,0.0,0.0,0.0,0.0,0.0,0.0,0.0,0.0,0.0,1.0
30,2,0.0,0.0,0.0,0.0,0.0,0.0,0.0,0.0,0.0,0.0,1.0
30,3,0.0,0.0,0.0,1.0,1.0,1.0,0.0,0.0,0.0,0.0,3.466129741003243e-07
30,4,1.0,1.0,1.0,0.0,0.0,0.0,0.6571969696969697,0.6571969696969697,0.0,0.6390339425587468,0.7558570379840122
30,5,0.0,0.0,0.0,0.0,0.0,0.0,0.8642676767676768,0.8642676767676768,0.0,0.8805483028720626,0.9999968153479082
30,6,0.0,0.0,0.0,0.0,0.0,0.0,0.5833333333333334,0.5833333333333334,0.0,0.5828981723237598,0.9999978505343079
30,7,0.0,0.0,0.0,0.0,0.0,0.0,0.61489898989899,0.6148989898989898,0.0,0.6383812010443864,0.9999977342212292
40,0,0.0,0.0,0.0,0.0,0.0,0.0,0.0,0.0,0.0,0.0,1.0
40,1,0.0,0.0,0.0,0.0,0.0,0.0,0.0,0.0,0.0,0.0,1.0
40,2,0.0,0.0,0.0,0.0,0.0,0.0,0.0,0.0,0.0,0.0,1.0
40,3,0.0,0.0,0.0,1.0,1.0,1.0,0.0,0.0,0.0,0.0,3.466129741003243e-07
40,4,1.0,1.0,1.0,0.0,0.0,0.0,0.6180555555555556,0.6180555555555556,0.0,0.6063968668407311,0.7558571822122295
40,5,0.0,0.0,0.0,0.0,0.0,0.0,0.8516414141414143,0.8516414141414141,0.0,0.8720626631853786,0.9999968618731399
40,6,0.0,0.0,0.0,0.0,0.0,0.0,0.5637626262626263,0.5637626262626263,0.0,0.5607049608355091,0.9999979226484164
40,7,0.0,0.0,0.0,0.0,0.0,0.0,0.6174242424242424,0.6174242424242425,0.0,0.639686684073107,0.9999977249161827
50,0,0.0,0.0,0.0,0.0,0.0,0.0,0.0,0.0,0.0,0.0,1.0
50,1,0.0,0.0,0.0,0.0,0.0,0.0,0.0,0.0,0.0,0.0,1.0
50,2,0.0,0.0,0.0,0.0,0.0,0.0,0.0,0.0,0.0,0.0,1.0
50,3,0.0,0.0,0.0,1.0,1.0,1.0,0.0,0.0,0.0,0.0,3.466129741003243e-07
50,4,1.0,1.0,1.0,0.0,0.0,0.0,0.586489898989899,0.586489898989899,0.0,0.5724543080939948,0.7558572985253083
50,5,0.0,0.0,0.0,0.0,0.0,0.0,0.8434343434343435,0.8434343434343434,0.0,0.8596605744125326,0.9999968921145403
50,6,0.0,0.0,0.0,0.0,0.0,0.0,0.5422979797979799,0.5422979797979798,0.0,0.5430809399477807,0.9999980017413099
50,7,0.0,0.0,0.0,0.0,0.0,0.0,0.6186868686868687,0.6186868686868687,0.0,0.6449086161879896,0.9999977202636594
60,0,0.0,0.0,0.0,0.0,0.0,0.0,0.0,0.0,0.0,0.0,1.0
60,1,0.0,0.0,0.0,0.0,0.0,0.0,0.0,0.0,0.0,0.0,1.0
60,2,0.0,0.0,0.0,0.0,0.0,0.0,0.0,0.0,0.0,0.0,1.0
60,3,0.0,0.0,0.0,1.0,1.0,1.0,0.0,0.0,0.0,0.0,3.466129741003243e-07
60,4,1.0,1.0,1.0,0.0,0.0,0.0,0.5536616161616162,0.5536616161616162,0.0,0.5411227154046997,0.75585741949091
60,5,0.0,0.0,0.0,0.0,0.0,0.0,0.831439393939394,0.831439393939394,0.0,0.8505221932114883,0.9999969363135102
60,6,0.0,0.0,0.0,0.0,0.0,0.0,0.5252525252525253,0.5252525252525253,0.0,0.5306788511749347,0.9999980645503723
60,7,0.0,0.0,0.0,0.0,0.0,0.0,0.6237373737373738,0.6237373737373739,0.0,0.6455613577023499,0.9999977016535673
70,0,0.0,0.0,0.0,0.0,0.0,0.0,0.0,0.0,0.0,0.0,1.0
70,1,0.0,0.0,0.0,0.0,0.0,0.0,0.0,0.0,0.0,0.0,1.0
70,2,0.0,0.0,0.0,0.0,0.0,0.0,0.0,0.0,0.0,0.0,1.0
70,3,0.0,0.0,0.0,1.0,1.0,1.0,0.0,0.0,0.0,0.0,3.466129741003243e-07
70,4,1.0,1.0,1.0,0.0,0.0,0.0,0.5233585858585859,0.5233585858585859,0.0,0.5137075718015666,0.755857531151465
70,5,0.0,0.0,0.0,0.0,0.0,0.0,0.8226010101010102,0.82260101010101,0.0,0.8368146214099217,0.9999969688811721
70,6,0.0,0.0,0.0,0.0,0.0,0.0,0.5132575757575758,0.5132575757575758,0.0,0.5176240208877285,0.9999981087493421
70,7,0.0,0.0,0.0,0.0,0.0,0.0,0.624368686868687,0.6243686868686869,0.0,0.6475195822454308,0.9999976993273059
80,0,0.0,0.0,0.0,0.0,0.0,0.0,0.0,0.0,0.0,0.0,1.0
80,1,0.0,0.0,0.0,0.0,0.0,0.0,0.0,0.0,0.0,0.0,1.0
80,2,0.0,0.0,0.0,0.0,0.0,0.0,0.0,0.0,0.0,0.0,1.0
80,3,0.0,0.0,0.0,1.0,1.0,1.0,0.0,0.0,0.0,0.0,3.466129741003243e-07
80,4,1.0,1.0,1.0,0.0,0.0,0.0,0.49684343434343436,0.49684343434343436,0.0,0.48368146214099217,0.7558576288544514
80,5,0.0,0.0,0.0,0.0,0.0,0.0,0.8093434343434344,0.8093434343434344,0.0,0.8283289817232377,0.9999970177326651
80,6,0.0,0.0,0.0,0.0,0.0,0.0,0.5006313131313131,0.5006313131313131,0.0,0.5078328981723238,0.9999981552745734
80,7,0.0,0.0,0.0,0.0,0.0,0.0,0.6262626262626263,0.6262626262626264,0.0,0.6501305483028721,0.9999976923485208
90,0,0.0,0.0,0.0,0.0,0.0,0.0,0.0,0.0,0.0,0.0,1.0
90,1,0.0,0.0,0.0,0.0,0.0,0.0,0.0,0.0,0.0,0.0,1.0
90,2,0.0,0.0,0.0,0.0,0.0,0.0,0.0,0.0,0.0,0.0,1.0
90,3,0.0,0.0,0.0,1.0,1.0,0.0,0.0,0.0,0.0,0.0,3.466129741003243e-07
90,4,1.0,1.0,0.0,0.0,0.0,0.0,0.46780303030303033,0.4678030303030304,0.0,0.0,0.7558577358624836
90,5,0.0,0.0,0.0,0.0,0.0,0.0,0.8011363636363638,0.8011363636363636,0.0,0.0,0.9999970479740656
90,6,0.0,0.0,0.0,0.0,0.0,0.0,0.4911616161616162,0.49116161616161624,0.0,0.0,0.9999981901684971
90,7,0.0,0.0,0.0,0.0,0.0,0.0,0.6287878787878789,0.6287878787878789,0.0,0.0,0.9999976830434743
0,0,0.0,0.0,0.0,0.0,0.0,0.0,0.0,0.0,0.0,0.0,1.0
0,1,0.0,0.0,0.0,0.0,0.0,0.0,0.0,0.0,0.0,0.0,1.0
0,2,0.0,0.0,0.0,0.0,0.0,0.0,0.0,0.0,0.0,0.0,1.0
0,3,0.0,0.0,0.0,1.0,1.0,1.0,0.0,0.0,0.0,0.0,3.466129741003243e-07
0,4,1.0,1.0,1.0,0.0,0.0,0.0,0.9955808080808082,0.9955808080808081,0.0,0.8002610966057442,0.7558557911078099
0,5,0.0,0.0,0.0,0.0,0.0,0.0,0.8402777777777779,0.8402777777777778,0.0,0.8635770234986945,0.9999969037458483
0,6,0.0,0.0,0.0,0.0,0.0,0.0,0.6887626262626263,0.6887626262626263,0.0,0.6697127937336814,0.9999974620486252
0,7,0.0,0.0,0.0,0.0,0.0,0.0,0.6319444444444445,0.6319444444444444,0.0,0.6592689295039165,0.9999976714121668
10,0,0.0,0.0,0.0,0.0,0.0,0.0,0.0,0.0,0.0,0.0,1.0
10,1,0.0,0.0,0.0,0.0,0.0,0.0,0.0,0.0,0.0,0.0,1.0
10,2,0.0,0.0,0.0,0.0,0.0,0.0,0.0,0.0,0.0,0.0,1.0
10,3,0.0,0.0,0.0,1.0,1.0,1.0,0.0,0.0,0.0,0.0,3.466129741003243e-07
10,4,1.0,1.0,1.0,0.0,0.0,0.0,0.773989898989899,0.773989898989899,0.0,0.7434725848563969,0.755856607625621
10,5,0.0,0.0,0.0,0.0,0.0,0.0,0.8352272727272728,0.8352272727272727,0.0,0.847911227154047,0.9999969223559404
10,6,0.0,0.0,0.0,0.0,0.0,0.0,0.6477272727272728,0.6477272727272727,0.0,0.6338120104438643,0.9999976132556272
10,7,0.0,0.0,0.0,0.0,0.0,0.0,0.6376262626262627,0.6376262626262627,0.0,0.6657963446475196,0.9999976504758123
20,0,0.0,0.0,0.0,0.0,0.0,0.0,0.0,0.0,0.0,0.0,1.0
20,1,0.0,0.0,0.0,0.0,0.0,0.0,0.0,0.0,0.0,0.0,1.0
20,2,0.0,0.0,0.0,0.0,0.0,0.0,0.0,0.0,0.0,0.0,1.0
20,3,0.0,0.0,0.0,1.0,1.0,1.0,0.0,0.0,0.0,0.0,3.466129741003243e-07
20,4,1.0,1.0,1.0,0.0,0.0,0.0,0.7190656565656566,0.7190656565656566,0.0,0.6945169712793734,0.7558568100103777
20,5,0.0,0.0,0.0,0.0,0.0,0.0,0.8200757575757577,0.8200757575757576,0.0,0.835509138381201,0.9999969781862181
20,6,0.0,0.0,0.0,0.0,0.0,0.0,0.6130050505050506,0.6130050505050505,0.0,0.6161879895561357,0.9999977412000138
20,7,0.0,0.0,0.0,0.0,0.0,0.0,0.643939393939394,0.6439393939393939,0.0,0.6664490861618799,0.999997627213197
30,0,0.0,0.0,0.0,0.0,0.0,0.0,0.0,0.0,0.0,0.0,1.0
30,1,0.0,0.0,0.0,0.0,0.0,0.0,0.0,0.0,0.0,0.0,1.0
30,2,0.0,0.0,0.0,0.0,0.0,0.0,0.0,0.0,0.0,0.0,1.0
30,3,0.0,0.0,0.0,1.0,1.0,1.0,0.0,0.0,0.0,0.0,3.466129741003243e-07
30,4,1.0,1.0,1.0,0.0,0.0,0.0,0.6717171717171718,0.6717171717171717,0.0,0.6501305483028721,0.755856984479996
30,5,0.0,0.0,0.0,0.0,0.0,0.0,0.8080808080808082,0.8080808080808082,0.0,0.8231070496083551,0.9999970223851884
30,6,0.0,0.0,0.0,0.0,0.0,0.0,0.595959595959596,0.595959595959596,0.0,0.5972584856396866,0.9999978040090758
30,7,0.0,0.0,0.0,0.0,0.0,0.0,0.6445707070707071,0.6445707070707071,0.0,0.6697127937336814,0.9999976248869356
40,0,0.0,0.0,0.0,0.0,0.0,0.0,0.0,0.0,0.0,0.0,1.0
40,1,0.0,0.0,0.0,0.0,0.0,0.0,0.0,0.0,0.0,0.0,1.0
40,2,0.0,0.0,0.0,0.0,0.0,0.0,0.0,0.0,0.0,0.0,1.0
40,3,0.0,0.0,0.0,1.0,1.0,1.0,0.0,0.0,0.0,0.0,3.466129741003243e-07
40,4,1.0,1.0,1.0,0.0,0.0,0.0,0.6287878787878789,0.6287878787878789,0.0,0.6201044386422977,0.7558571426657827
40,5,0.0,0.0,0.0,0.0,0.0,0.0,0.7960858585858587,0.7960858585858586,0.0,0.8159268929503917,0.9999970665841578
40,6,0.0,0.0,0.0,0.0,0.0,0.0,0.5776515151515152,0.5776515151515152,0.0,0.5828981723237598,0.9999978714706614
40,7,0.0,0.0,0.0,0.0,0.0,0.0,0.6477272727272728,0.6477272727272727,0.0,0.6710182767624021,0.9999976132556272
50,0,0.0,0.0,0.0,0.0,0.0,0.0,0.0,0.0,0.0,0.0,1.0
50,1,0.0,0.0,0.0,0.0,0.0,0.0,0.0,0.0,0.0,0.0,1.0
50,2,0.0,0.0,0.0,0.0,0.0,0.0,0.0,0.0,0.0,0.0,1.0
50,3,0.0,0.0,0.0,1.0,1.0,1.0,0.0,0.0,0.0,0.0,3.466129741003243e-07
50,4,1.0,1.0,1.0,0.0,0.0,0.0,0.5997474747474748,0.5997474747474748,0.0,0.5861618798955613,0.7558572496738154
50,5,0.0,0.0,0.0,0.0,0.0,0.0,0.7891414141414143,0.7891414141414141,0.0,0.8074412532637076,0.9999970921730355
50,6,0.0,0.0,0.0,0.0,0.0,0.0,0.5637626262626263,0.5637626262626263,0.0,0.564621409921671,0.9999979226484164
50,7,0.0,0.0,0.0,0.0,0.0,0.0,0.648989898989899,0.648989898989899,0.0,0.6768929503916449,0.9999976086031039
60,0,0.0,0.0,0.0,0.0,0.0,0.0,0.0,0.0,0.0,0.0,1.0
60,1,0.0,0.0,0.0,0.0,0.0,0.0,0.0,0.0,0.0,0.0,1.0
60,2,0.0,0.0,0.0,0.0,0.0,0.0,0.0,0.0,0.0,0.0,1.0
60,3,0.0,0.0,0.0,1.0,1.0,1.0,0.0,0.0,0.0,0.0,3.466129741003243e-07
60,4,1.0,1.0,1.0,0.0,0.0,0.0,0.5669191919191919,0.566919191919192,0.0,0.5580939947780679,0.7558573706394167
60,5,0.0,0.0,0.0,0.0,0.0,0.0,0.7809343434343435,0.7809343434343434,0.0,0.7963446475195822,0.999997122414436
60,6,0.0,0.0,0.0,0.0,0.0,0.0,0.5460858585858587,0.5460858585858586,0.0,0.5554830287206266,0.9999979877837402
60,7,0.0,0.0,0.0,0.0,0.0,0.0,0.6546717171717172,0.6546717171717171,0.0,0.6814621409921671,0.99999758766675
70,0,0.0,0.0,0.0,0.0,0.0,0.0,0.0,0.0,0.0,0.0,1.0
70,1,0.0,0.0,0.0,0.0,0.0,0.0,0.0,0.0,0.0,0.0,1.0
70,2,0.0,0.0,0.0,0.0,0.0,0.0,0.0,0.0,0.0,0.0,1.0
70,3,0.0,0.0,0.0,1.0,1.0,1.0,0.0,0.0,0.0,0.0,3.466129741003243e-07
70,4,1.0,1.0,1.0,0.0,0.0,0.0,0.5397727272727273,0.5397727272727273,0.0,0.529373368146214,0.755857470668664
70,5,0.0,0.0,0.0,0.0,0.0,0.0,0.7702020202020202,0.7702020202020202,0.0,0.7878590078328982,0.9999971619608825
70,6,0.0,0.0,0.0,0.0,0.0,0.0,0.5372474747474748,0.5372474747474748,0.0,0.545691906005222,0.9999980203514021
70,7,0.0,0.0,0.0,0.0,0.0,0.0,0.6590909090909092,0.6590909090909092,0.0,0.6821148825065274,0.9999975713829188
80,0,0.0,0.0,0.0,0.0,0.0,0.0,0.0,0.0,0.0,0.0,1.0
80,1,0.0,0.0,0.0,0.0,0.0,0.0,0.0,0.0,0.0,0.0,1.0
80,2,0.0,0.0,0.0,0.0,0.0,0.0,0.0,0.0,0.0,0.0,1.0
80,3,0.0,0.0,0.0,1.0,1.0,1.0,0.0,0.0,0.0,0.0,3.466129741003243e-07
80,4,1.0,1.0,1.0,0.0,0.0,0.0,0.5119949494949495,0.5119949494949496,0.0,0.5065274151436031,0.7558575730241734
80,5,0.0,0.0,0.0,0.0,0.0,0.0,0.7619949494949496,0.7619949494949496,0.0,0.7800261096605744,0.999997192202283
80,6,0.0,0.0,0.0,0.0,0.0,0.0,0.5277777777777778,0.5277777777777778,0.0,0.5280678851174935,0.9999980552453258
80,7,0.0,0.0,0.0,0.0,0.0,0.0,0.6597222222222223,0.6597222222222223,0.0,0.6827676240208878,0.9999975690566574
90,0,0.0,0.0,0.0,0.0,0.0,0.0,0.0,0.0,0.0,0.0,1.0
90,1,0.0,0.0,0.0,0.0,0.0,0.0,0.0,0.0,0.0,0.0,1.0
90,2,0.0,0.0,0.0,0.0,0.0,0.0,0.0,0.0,0.0,0.0,1.0
90,3,0.0,0.0,0.0,1.0,1.0,0.0,0.0,0.0,0.0,0.0,3.466129741003243e-07
90,4,1.0,1.0,0.0,0.0,0.0,0.0,0.48989898989898994,0.4898989898989899,0.0,0.0,0.7558576544433284
90,5,0.0,0.0,0.0,0.0,0.0,0.0,0.7544191919191919,0.7544191919191919,0.0,0.0,0.9999972201174216
90,6,0.0,0.0,0.0,0.0,0.0,0.0,0.5107323232323233,0.5107323232323232,0.0,0.0,0.9999981180543882
90,7,0.0,0.0,0.0,0.0,0.0,0.0,0.6603535353535354,0.6603535353535354,0.0,0.0,0.999997566730396
0,0,0.0,0.0,0.0,0.0,0.0,0.0,0.0,0.0,0.0,0.0,1.0
0,1,0.0,0.0,0.0,0.0,0.0,0.0,0.0,0.0,0.0,0.0,1.0
0,2,0.0,0.0,0.0,0.0,0.0,0.0,0.0,0.0,0.0,0.0,1.0
0,3,0.0,0.0,0.0,1.0,1.0,1.0,0.0,0.0,0.0,0.0,3.466129741003243e-07
0,4,1.0,1.0,1.0,0.0,0.0,0.0,0.9905303030303031,0.990530303030303,0.0,0.8015665796344648,0.7558558097179022
0,5,0.0,0.0,0.0,0.0,0.0,0.0,0.8914141414141414,0.8914141414141414,0.0,0.9157963446475196,0.9999967153186606
0,6,0.0,0.0,0.0,0.0,0.0,0.0,0.7102272727272728,0.7102272727272727,0.0,0.6879895561357703,0.9999973829557316
0,7,0.0,0.0,0.0,0.0,0.0,0.0,0.5643939393939394,0.5643939393939396,0.0,0.5868146214099217,0.999997920322155
10,0,0.0,0.0,0.0,0.0,0.0,0.0,0.0,0.0,0.0,0.0,1.0
10,1,0.0,0.0,0.0,0.0,0.0,0.0,0.0,0.0,0.0,0.0,1.0
10,2,0.0,0.0,0.0,0.0,0.0,0.0,0.0,0.0,0.0,0.0,1.0
10,3,0.0,0.0,0.0,1.0,1.0,1.0,0.0,0.0,0.0,0.0,3.466129741003243e-07
10,4,1.0,1.0,1.0,0.0,0.0,0.0,0.7752525252525253,0.7752525252525253,0.0,0.7454308093994778,0.7558566029730982
10,5,0.0,0.0,0.0,0.0,0.0,0.0,0.8857323232323233,0.8857323232323232,0.0,0.9079634464751958,0.9999967362550146
10,6,0.0,0.0,0.0,0.0,0.0,0.0,0.6654040404040404,0.6654040404040404,0.0,0.6671018276762403,0.999997548120303
10,7,0.0,0.0,0.0,0.0,0.0,0.0,0.5675505050505051,0.5675505050505051,0.0,0.587467362924282,0.9999979086908466
20,0,0.0,0.0,0.0,0.0,0.0,0.0,0.0,0.0,0.0,0.0,1.0
20,1,0.0,0.0,0.0,0.0,0.0,0.0,0.0,0.0,0.0,0.0,1.0
20,2,0.0,0.0,0.0,0.0,0.0,0.0,0.0,0.0,0.0,0.0,1.0
20,3,0.0,0.0,0.0,1.0,1.0,1.0,0.0,0.0,0.0,0.0,3.466129741003243e-07
20,4,1.0,1.0,1.0,0.0,0.0,0.0,0.720959595959596,0.720959595959596,0.0,0.7030026109660574,0.7558568030315931
20,5,0.0,0.0,0.0,0.0,0.0,0.0,0.8781565656565657,0.8781565656565656,0.0,0.8929503916449086,0.9999967641701537
20,6,0.0,0.0,0.0,0.0,0.0,0.0,0.6452020202020202,0.6452020202020202,0.0,0.6429503916449086,0.9999976225606737
20,7,0.0,0.0,0.0,0.0,0.0,0.0,0.5681818181818182,0.5681818181818181,0.0,0.589425587467363,0.9999979063645852
30,0,0.0,0.0,0.0,0.0,0.0,0.0,0.0,0.0,0.0,0.0,1.0
30,1,0.0,0.0,0.0,0.0,0.0,0.0,0.0,0.0,0.0,0.0,1.0
30,2,0.0,0.0,0.0,0.0,0.0,0.0,0.0,0.0,0.0,0.0,1.0
30,3,0.0,0.0,0.0,1.0,1.0,1.0,0.0,0.0,0.0,0.0,3.466129741003243e-07
30,4,1.0,1.0,1.0,0.0,0.0,0.0,0.6799242424242424,0.6799242424242427,0.0,0.660574412532637,0.7558569542385956
30,5,0.0,0.0,0.0,0.0,0.0,0.0,0.8636363636363638,0.8636363636363636,0.0,0.881201044386423,0.99999681767417
30,6,0.0,0.0,0.0,0.0,0.0,0.0,0.6218434343434344,0.6218434343434344,0.0,0.6201044386422977,0.9999977086323519
30,7,0.0,0.0,0.0,0.0,0.0,0.0,0.5700757575757576,0.5700757575757576,0.0,0.5933420365535248,0.9999978993858005
40,0,0.0,0.0,0.0,0.0,0.0,0.0,0.0,0.0,0.0,0.0,1.0
40,1,0.0,0.0,0.0,0.0,0.0,0.0,0.0,0.0,0.0,0.0,1.0
40,2,0.0,0.0,0.0,0.0,0.0,0.0,0.0,0.0,0.0,0.0,1.0
40,3,0.0,0.0,0.0,1.0,1.0,1.0,0.0,0.0,0.0,0.0,3.466129741003243e-07
40,4,1.0,1.0,1.0,0.0,0.0,0.0,0.638888888888889,0.638888888888889,0.0,0.6155352480417755,0.7558571054455976
40,5,0.0,0.0,0.0,0.0,0.0,0.0,0.8522727272727273,0.8522727272727273,0.0,0.8707571801566579,0.9999968595468784
40,6,0.0,0.0,0.0,0.0,0.0,0.0,0.5997474747474748,0.5997474747474748,0.0,0.5998694516971279,0.9999977900515069
40,7,0.0,0.0,0.0,0.0,0.0,0.0,0.5738636363636365,0.5738636363636365,0.0,0.5953002610966057,0.9999978854282312
50,0,0.0,0.0,0.0,0.0,0.0,0.0,0.0,0.0,0.0,0.0,1.0
50,1,0.0,0.0,0.0,0.0,0.0,0.0,0.0,0.0,0.0,0.0,1.0
50,2,0.0,0.0,0.0,0.0,0.0,0.0,0.0,0.0,0.0,0.0,1.0
50,3,0.0,0.0,0.0,1.0,1.0,1.0,0.0,0.0,0.0,0.0,3.466129741003243e-07
50,4,1.0,1.0,1.0,0.0,0.0,0.0,0.5953282828282829,0.5953282828282829,0.0,0.5783289817232377,0.7558572659576459
50,5,0.0,0.0,0.0,0.0,0.0,0.0,0.8421717171717172,0.8421717171717171,0.0,0.8655352480417755,0.9999968967670636
50,6,0.0,0.0,0.0,0.0,0.0,0.0,0.5801767676767677,0.5801767676767677,0.0,0.5796344647519582,0.9999978621656154
50,7,0.0,0.0,0.0,0.0,0.0,0.0,0.5757575757575758,0.5757575757575758,0.0,0.6005221932114883,0.9999978784494461
60,0,0.0,0.0,0.0,0.0,0.0,0.0,0.0,0.0,0.0,0.0,1.0
60,1,0.0,0.0,0.0,0.0,0.0,0.0,0.0,0.0,0.0,0.0,1.0
60,2,0.0,0.0,0.0,0.0,0.0,0.0,0.0,0.0,0.0,0.0,1.0
60,3,0.0,0.0,0.0,1.0,1.0,1.0,0.0,0.0,0.0,0.0,3.466129741003243e-07
60,4,1.0,1.0,1.0,0.0,0.0,0.0,0.5593434343434344,0.5593434343434344,0.0,0.5502610966057442,0.7558573985545556
60,5,0.0,0.0,0.0,0.0,0.0,0.0,0.8371212121212122,0.8371212121212122,0.0,0.8544386422976501,0.9999969153771557
60,6,0.0,0.0,0.0,0.0,0.0,0.0,0.5606060606060607,0.5606060606060607,0.0,0.5659268929503917,0.9999979342797243
60,7,0.0,0.0,0.0,0.0,0.0,0.0,0.5808080808080809,0.5808080808080809,0.0,0.6011749347258486,0.999997859839354
70,0,0.0,0.0,0.0,0.0,0.0,0.0,0.0,0.0,0.0,0.0,1.0
70,1,0.0,0.0,0.0,0.0,0.0,0.0,0.0,0.0,0.0,0.0,1.0
70,2,0.0,0.0,0.0,0.0,0.0,0.0,0.0,0.0,0.0,0.0,1.0
70,3,0.0,0.0,0.0,1.0,1.0,1.0,0.0,0.0,0.0,0.0,3.466129741003243e-07
70,4,1.0,1.0,1.0,0.0,0.0,0.0,0.5321969696969697,0.5321969696969697,0.0,0.5202349869451697,0.7558574985838031
70,5,0.0,0.0,0.0,0.0,0.0,0.0,0.826388888888889,0.826388888888889,0.0,0.8407310704960835,0.9999969549236023
70,6,0.0,0.0,0.0,0.0,0.0,0.0,0.5473484848484849,0.5473484848484849,0.0,0.5522193211488251,0.9999979831312169
70,7,0.0,0.0,0.0,0.0,0.0,0.0,0.581439393939394,0.5814393939393939,0.0,0.6044386422976501,0.9999978575130926
80,0,0.0,0.0,0.0,0.0,0.0,0.0,0.0,0.0,0.0,0.0,1.0
80,1,0.0,0.0,0.0,0.0,0.0,0.0,0.0,0.0,0.0,0.0,1.0
80,2,0.0,0.0,0.0,0.0,0.0,0.0,0.0,0.0,0.0,0.0,1.0
80,3,0.0,0.0,0.0,1.0,1.0,1.0,0.0,0.0,0.0,0.0,3.466129741003243e-07
80,4,1.0,1.0,1.0,0.0,0.0,0.0,0.5031565656565657,0.5031565656565656,0.0,0.4902088772845953,0.7558576055918353
80,5,0.0,0.0,0.0,0.0,0.0,0.0,0.8131313131313131,0.8131313131313131,0.0,0.8289817232375979,0.9999970037750958
80,6,0.0,0.0,0.0,0.0,0.0,0.0,0.5340909090909092,0.5340909090909092,0.0,0.5404699738903395,0.9999980319827104
80,7,0.0,0.0,0.0,0.0,0.0,0.0,0.5845959595959597,0.5845959595959597,0.0,0.6063968668407311,0.9999978458817846
90,0,0.0,0.0,0.0,0.0,0.0,0.0,0.0,0.0,0.0,0.0,1.0
90,1,0.0,0.0,0.0,0.0,0.0,0.0,0.0,0.0,0.0,0.0,1.0
90,2,0.0,0.0,0.0,0.0,0.0,0.0,0.0,0.0,0.0,0.0,1.0
90,3,0.0,0.0,0.0,1.0,1.0,0.0,0.0,0.0,0.0,0.0,3.466129741003243e-07
90,4,1.0,1.0,0.0,0.0,0.0,0.0,0.47411616161616166,0.4741161616161616,0.0,0.0,0.755857712599868
90,5,0.0,0.0,0.0,0.0,0.0,0.0,0.8017676767676768,0.8017676767676768,0.0,0.0,0.9999970456478038
90,6,0.0,0.0,0.0,0.0,0.0,0.0,0.5227272727272728,0.5227272727272727,0.0,0.0,0.9999980738554184
90,7,0.0,0.0,0.0,0.0,0.0,0.0,0.586489898989899,0.586489898989899,0.0,0.0,0.9999978389029995
0,0,0.0,0.0,0.0,0.0,0.0,0.0,0.8270202020202021,0.8270202020202021,0.0,0.8537859007832899,0.9999969525973409
0,1,1.0,1.0,1.0,0.0,0.0,0.0,0.8825757575757577,0.8825757575757576,0.0,0.9118798955613577,0.7558562075086313
0,2,0.0,0.0,0.0,0.0,0.0,0.0,0.7234848484848485,0.7234848484848485,0.0,0.7493472584856397,0.999997334104239
0,3,0.0,0.0,0.0,0.0,0.0,0.0,0.7234848484848485,0.7234848484848485,0.0,0.7486945169712794,0.999997334104239
0,4,0.0,0.0,0.0,0.0,0.0,0.0,0.0,0.0,0.0,0.0,1.0
0,5,0.0,0.0,0.0,0.0,0.0,0.0,0.0,0.0,0.0,0.0,1.0
0,6,0.0,0.0,0.0,0.0,0.0,0.0,0.0,0.0,0.0,0.0,1.0
0,7,0.0,0.0,0.0,0.0,0.0,0.0,0.0,0.0,0.0,0.0,1.0
10,0,0.0,0.0,0.0,0.0,0.0,0.0,0.8257575757575758,0.8257575757575758,0.0,0.8524804177545692,0.9999969572498641
10,1,1.0,1.0,1.0,0.0,0.0,0.0,0.8819444444444445,0.8819444444444444,0.0,0.9112271540469974,0.7558562098348924
10,2,0.0,0.0,0.0,0.0,0.0,0.0,0.7247474747474748,0.7247474747474748,0.0,0.7506527415143603,0.9999973294517157
10,3,0.0,0.0,0.0,0.0,0.0,0.0,0.7241161616161617,0.7241161616161617,0.0,0.7493472584856397,0.9999973317779776
10,4,0.0,0.0,0.0,0.0,0.0,0.0,0.0,0.0,0.0,0.0,1.0
10,5,0.0,0.0,0.0,0.0,0.0,0.0,0.0,0.0,0.0,0.0,1.0
10,6,0.0,0.0,0.0,0.0,0.0,0.0,0.0,0.0,0.0,0.0,1.0
10,7,0.0,0.0,0.0,0.0,0.0,0.0,0.0,0.0,0.0,0.0,1.0
20,0,0.0,0.0,0.0,0.0,0.0,0.0,0.8244949494949496,0.8244949494949496,0.0,0.8524804177545692,0.999996961902387
20,1,1.0,1.0,1.0,0.0,0.0,0.0,0.8813131313131314,0.8813131313131313,0.0,0.9099216710182768,0.7558562121611543
20,2,0.0,0.0,0.0,0.0,0.0,0.0,0.7260101010101011,0.7260101010101011,0.0,0.7506527415143603,0.9999973247991925
20,3,0.0,0.0,0.0,0.0,0.0,0.0,0.7247474747474748,0.7247474747474748,0.0,0.7506527415143603,0.9999973294517157
20,4,0.0,0.0,0.0,0.0,0.0,0.0,0.0,0.0,0.0,0.0,1.0
20,5,0.0,0.0,0.0,0.0,0.0,0.0,0.0,0.0,0.0,0.0,1.0
20,6,0.0,0.0,0.0,0.0,0.0,0.0,0.0,0.0,0.0,0.0,1.0
20,7,0.0,0.0,0.0,0.0,0.0,0.0,0.0,0.0,0.0,0.0,1.0
30,0,0.0,0.0,0.0,0.0,0.0,0.0,0.8244949494949496,0.8244949494949496,0.0,0.8518276762402089,0.999996961902387
30,1,1.0,1.0,1.0,0.0,0.0,0.0,0.8800505050505051,0.8800505050505051,0.0,0.9086161879895561,0.7558562168136771
30,2,0.0,0.0,0.0,0.0,0.0,0.0,0.7260101010101011,0.7260101010101011,0.0,0.7513054830287207,0.9999973247991925
30,3,0.0,0.0,0.0,0.0,0.0,0.0,0.7260101010101011,0.7260101010101011,0.0,0.7519582245430809,0.9999973247991925
30,4,0.0,0.0,0.0,0.0,0.0,0.0,0.0,0.0,0.0,0.0,1.0
30,5,0.0,0.0,0.0,0.0,0.0,0.0,0.0,0.0,0.0,0.0,1.0
30,6,0.0,0.0,0.0,0.0,0.0,0.0,0.0,0.0,0.0,0.0,1.0
30,7,0.0,0.0,0.0,0.0,0.0,0.0,0.0,0.0,0.0,0.0,1.0
40,0,0.0,0.0,0.0,0.0,0.0,0.0,0.8238636363636365,0.8238636363636365,0.0,0.8518276762402089,0.9999969642286488
40,1,1.0,1.0,1.0,0.0,0.0,0.0,0.8787878787878789,0.8787878787878788,0.0,0.9086161879895561,0.7558562214662004
40,2,0.0,0.0,0.0,0.0,0.0,0.0,0.7266414141414143,0.7266414141414141,0.0,0.7513054830287207,0.9999973224729306
40,3,0.0,0.0,0.0,0.0,0.0,0.0,0.7272727272727273,0.7272727272727273,0.0,0.7519582245430809,0.9999973201466692
40,4,0.0,0.0,0.0,0.0,0.0,0.0,0.0,0.0,0.0,0.0,1.0
40,5,0.0,0.0,0.0,0.0,0.0,0.0,0.0,0.0,0.0,0.0,1.0
40,6,0.0,0.0,0.0,0.0,0.0,0.0,0.0,0.0,0.0,0.0,1.0
40,7,0.0,0.0,0.0,0.0,0.0,0.0,0.0,0.0,0.0,0.0,1.0
50,0,0.0,0.0,0.0,0.0,0.0,0.0,0.8238636363636365,0.8238636363636365,0.0,0.8485639686684073,0.9999969642286488
50,1,1.0,1.0,1.0,0.0,0.0,0.0,0.8787878787878789,0.8787878787878788,0.0,0.902088772845953,0.7558562214662004
50,2,0.0,0.0,0.0,0.0,0.0,0.0,0.7266414141414143,0.7266414141414141,0.0,0.7513054830287207,0.9999973224729306
50,3,0.0,0.0,0.0,0.0,0.0,0.0,0.7272727272727273,0.7272727272727273,0.0,0.7532637075718016,0.9999973201466692
50,4,0.0,0.0,0.0,0.0,0.0,0.0,0.0,0.0,0.0,0.0,1.0
50,5,0.0,0.0,0.0,0.0,0.0,0.0,0.0,0.0,0.0,0.0,1.0
50,6,0.0,0.0,0.0,0.0,0.0,0.0,0.0,0.0,0.0,0.0,1.0
50,7,0.0,0.0,0.0,0.0,0.0,0.0,0.0,0.0,0.0,0.0,1.0
60,0,0.0,0.0,0.0,0.0,0.0,0.0,0.8207070707070708,0.8207070707070707,0.0,0.8387728459530026,0.9999969758599567
60,1,1.0,1.0,1.0,0.0,0.0,0.0,0.8724747474747475,0.8724747474747475,0.0,0.8903394255874674,0.755856244728816
60,2,0.0,0.0,0.0,0.0,0.0,0.0,0.7266414141414143,0.7266414141414141,0.0,0.7519582245430809,0.9999973224729306
60,3,0.0,0.0,0.0,0.0,0.0,0.0,0.7285353535353536,0.7285353535353536,0.0,0.7532637075718016,0.9999973154941459
60,4,0.0,0.0,0.0,0.0,0.0,0.0,0.0,0.0,0.0,0.0,1.0
60,5,0.0,0.0,0.0,0.0,0.0,0.0,0.0,0.0,0.0,0.0,1.0
60,6,0.0,0.0,0.0,0.0,0.0,0.0,0.0,0.0,0.0,0.0,1.0
60,7,0.0,0.0,0.0,0.0,0.0,0.0,0.0,0.0,0.0,0.0,1.0
70,0,0.0,0.0,0.0,0.0,0.0,0.0,0.8112373737373738,0.8112373737373738,0.0,0.8348563968668408,0.9999970107538805
70,1,1.0,1.0,1.0,0.0,0.0,0.0,0.8611111111111112,0.8611111111111112,0.0,0.8766318537859008,0.7558562866015246
70,2,0.0,0.0,0.0,0.0,0.0,0.0,0.7272727272727273,0.7272727272727273,0.0,0.7526109660574413,0.9999973201466692
70,3,0.0,0.0,0.0,0.0,0.0,0.0,0.7285353535353536,0.7285353535353536,0.0,0.7539164490861618,0.9999973154941459
70,4,0.0,0.0,0.0,0.0,0.0,0.0,0.0,0.0,0.0,0.0,1.0
70,5,0.0,0.0,0.0,0.0,0.0,0.0,0.0,0.0,0.0,0.0,1.0
70,6,0.0,0.0,0.0,0.0,0.0,0.0,0.0,0.0,0.0,0.0,1.0
70,7,0.0,0.0,0.0,0.0,0.0,0.0,0.0,0.0,0.0,0.0,1.0
80,0,0.0,0.0,0.0,0.0,0.0,0.0,0.807449494949495,0.807449494949495,0.0,0.825065274151436,0.9999970247114498
80,1,1.0,1.0,1.0,0.0,0.0,0.0,0.8478535353535355,0.8478535353535355,0.0,0.8668407310704961,0.7558563354530172
80,2,0.0,0.0,0.0,0.0,0.0,0.0,0.7279040404040404,0.7279040404040404,0.0,0.7526109660574413,0.9999973178204078
80,3,0.0,0.0,0.0,0.0,0.0,0.0,0.7291666666666667,0.7291666666666667,0.0,0.7552219321148825,0.9999973131678845
80,4,0.0,0.0,0.0,0.0,0.0,0.0,0.0,0.0,0.0,0.0,1.0
80,5,0.0,0.0,0.0,0.0,0.0,0.0,0.0,0.0,0.0,0.0,1.0
80,6,0.0,0.0,0.0,0.0,0.0,0.0,0.0,0.0,0.0,0.0,1.0
80,7,0.0,0.0,0.0,0.0,0.0,0.0,0.0,0.0,0.0,0.0,1.0
90,0,0.0,0.0,0.0,0.0,0.0,0.0,0.797979797979798,0.797979797979798,0.0,0.0,0.9999970596053731
90,1,1.0,1.0,0.0,0.0,0.0,0.0,0.8383838383838385,0.8383838383838383,0.0,0.0,0.755856370346941
90,2,0.0,0.0,0.0,0.0,0.0,0.0,0.7279040404040404,0.7279040404040404,0.0,0.0,0.9999973178204078
90,3,0.0,0.0,0.0,0.0,0.0,0.0,0.730429292929293,0.7304292929292929,0.0,0.0,0.9999973085153613
90,4,0.0,0.0,0.0,0.0,0.0,0.0,0.0,0.0,0.0,0.0,1.0
90,5,0.0,0.0,0.0,0.0,0.0,0.0,0.0,0.0,0.0,0.0,1.0
90,6,0.0,0.0,0.0,0.0,0.0,0.0,0.0,0.0,0.0,0.0,1.0
90,7,0.0,0.0,0.0,0.0,0.0,0.0,0.0,0.0,0.0,0.0,1.0
0,0,0.0,0.0,0.0,0.0,0.0,0.0,0.8289141414141414,0.8289141414141414,0.0,0.8550913838120104,0.9999969456185562
0,1,0.0,0.0,0.0,0.0,0.0,0.0,0.7512626262626263,0.7512626262626263,0.0,0.7787206266318538,0.9999972317487296
0,2,1.0,1.0,1.0,0.0,0.0,0.0,0.8282828282828284,0.8282828282828284,0.0,0.8518276762402089,0.7558564075671261
0,3,0.0,0.0,0.0,0.0,0.0,0.0,0.7481060606060607,0.7481060606060607,0.0,0.7780678851174935,0.9999972433800375
0,4,0.0,0.0,0.0,0.0,0.0,0.0,0.0,0.0,0.0,0.0,1.0
0,5,0.0,0.0,0.0,0.0,0.0,0.0,0.0,0.0,0.0,0.0,1.0
0,6,0.0,0.0,0.0,0.0,0.0,0.0,0.0,0.0,0.0,0.0,1.0
0,7,0.0,0.0,0.0,0.0,0.0,0.0,0.0,0.0,0.0,0.0,1.0
10,0,0.0,0.0,0.0,0.0,0.0,0.0,0.8270202020202021,0.8270202020202021,0.0,0.8550913838120104,0.9999969525973409
10,1,0.0,0.0,0.0,0.0,0.0,0.0,0.7531565656565657,0.7531565656565656,0.0,0.7787206266318538,0.9999972247699449
10,2,1.0,1.0,1.0,0.0,0.0,0.0,0.8238636363636365,0.8238636363636365,0.0,0.8511749347258486,0.7558564238509571
10,3,0.0,0.0,0.0,0.0,0.0,0.0,0.7525252525252526,0.7525252525252526,0.0,0.7787206266318538,0.9999972270962072
10,4,0.0,0.0,0.0,0.0,0.0,0.0,0.0,0.0,0.0,0.0,1.0
10,5,0.0,0.0,0.0,0.0,0.0,0.0,0.0,0.0,0.0,0.0,1.0
10,6,0.0,0.0,0.0,0.0,0.0,0.0,0.0,0.0,0.0,0.0,1.0
10,7,0.0,0.0,0.0,0.0,0.0,0.0,0.0,0.0,0.0,0.0,1.0
20,0,0.0,0.0,0.0,0.0,0.0,0.0,0.8270202020202021,0.8270202020202021,0.0,0.7969973890339426,0.9999969525973409
20,1,0.0,0.0,0.0,0.0,0.0,0.0,0.7531565656565657,0.7531565656565656,0.0,0.7787206266318538,0.9999972247699449
20,2,1.0,1.0,1.0,0.0,0.0,0.0,0.8232323232323233,0.8232323232323232,0.0,0.7924281984334204,0.7558564261772185
20,3,0.0,0.0,0.0,0.0,0.0,0.0,0.7531565656565657,0.7531565656565656,0.0,0.7787206266318538,0.9999972247699449
20,4,0.0,0.0,0.0,0.0,0.0,0.0,0.0,0.0,0.0,0.0,1.0
20,5,0.0,0.0,0.0,0.0,0.0,0.0,0.0,0.0,0.0,0.0,1.0
20,6,0.0,0.0,0.0,0.0,0.0,0.0,0.0,0.0,0.0,0.0,1.0
20,7,0.0,0.0,0.0,0.0,0.0,0.0,0.0,0.0,0.0,0.0,1.0
30,0,0.0,0.0,0.0,0.0,0.0,0.0,0.7708333333333334,0.7708333333333334,0.0,0.7389033942558747,0.9999971596346211
30,1,0.0,0.0,0.0,0.0,0.0,0.0,0.7531565656565657,0.7531565656565656,0.0,0.7787206266318538,0.9999972247699449
30,2,1.0,1.0,1.0,0.0,0.0,0.0,0.7664141414141414,0.7664141414141414,0.0,0.7402088772845953,0.7558566355407601
30,3,0.0,0.0,0.0,0.0,0.0,0.0,0.7531565656565657,0.7531565656565656,0.0,0.7787206266318538,0.9999972247699449
30,4,0.0,0.0,0.0,0.0,0.0,0.0,0.0,0.0,0.0,0.0,1.0
30,5,0.0,0.0,0.0,0.0,0.0,0.0,0.0,0.0,0.0,0.0,1.0
30,6,0.0,0.0,0.0,0.0,0.0,0.0,0.0,0.0,0.0,0.0,1.0
30,7,0.0,0.0,0.0,0.0,0.0,0.0,0.0,0.0,0.0,0.0,1.0
40,0,0.0,0.0,0.0,0.0,0.0,0.0,0.7146464646464648,0.7146464646464646,0.0,0.6997389033942559,0.9999973666719009
40,1,0.0,0.0,0.0,0.0,0.0,0.0,0.7531565656565657,0.7531565656565656,0.0,0.7787206266318538,0.9999972247699449
40,2,1.0,1.0,1.0,0.0,0.0,0.0,0.7159090909090909,0.7159090909090909,0.0,0.7049608355091384,0.7558568216416859
40,3,0.0,0.0,0.0,0.0,0.0,0.0,0.7531565656565657,0.7531565656565656,0.0,0.7787206266318538,0.9999972247699449
40,4,0.0,0.0,0.0,0.0,0.0,0.0,0.0,0.0,0.0,0.0,1.0
40,5,0.0,0.0,0.0,0.0,0.0,0.0,0.0,0.0,0.0,0.0,1.0
40,6,0.0,0.0,0.0,0.0,0.0,0.0,0.0,0.0,0.0,0.0,1.0
40,7,0.0,0.0,0.0,0.0,0.0,0.0,0.0,0.0,0.0,0.0,1.0
50,0,0.0,0.0,0.0,0.0,0.0,0.0,0.6767676767676768,0.6767676767676768,0.0,0.6703655352480418,0.999997506247595
50,1,0.0,0.0,0.0,0.0,0.0,0.0,0.7531565656565657,0.7531565656565656,0.0,0.7787206266318538,0.9999972247699449
50,2,1.0,1.0,1.0,0.0,0.0,0.0,0.6818181818181819,0.6818181818181819,0.0,0.6781984334203656,0.7558569472598109
50,3,0.0,0.0,0.0,0.0,0.0,0.0,0.7531565656565657,0.7531565656565656,0.0,0.7787206266318538,0.9999972247699449
50,4,0.0,0.0,0.0,0.0,0.0,0.0,0.0,0.0,0.0,0.0,1.0
50,5,0.0,0.0,0.0,0.0,0.0,0.0,0.0,0.0,0.0,0.0,1.0
50,6,0.0,0.0,0.0,0.0,0.0,0.0,0.0,0.0,0.0,0.0,1.0
50,7,0.0,0.0,0.0,0.0,0.0,0.0,0.0,0.0,0.0,0.0,1.0
60,0,0.0,0.0,0.0,0.0,0.0,0.0,0.648358585858586,0.6483585858585859,0.0,0.6442558746736292,0.9999976109293658
60,1,0.0,0.0,0.0,0.0,0.0,0.0,0.7531565656565657,0.7531565656565656,0.0,0.7787206266318538,0.9999972247699449
60,2,1.0,1.0,1.0,0.0,0.0,0.0,0.6559343434343435,0.6559343434343434,0.0,0.6514360313315927,0.7558570426365354
60,3,0.0,0.0,0.0,0.0,0.0,0.0,0.7531565656565657,0.7531565656565656,0.0,0.7787206266318538,0.9999972247699449
60,4,0.0,0.0,0.0,0.0,0.0,0.0,0.0,0.0,0.0,0.0,1.0
60,5,0.0,0.0,0.0,0.0,0.0,0.0,0.0,0.0,0.0,0.0,1.0
60,6,0.0,0.0,0.0,0.0,0.0,0.0,0.0,0.0,0.0,0.0,1.0
60,7,0.0,0.0,0.0,0.0,0.0,0.0,0.0,0.0,0.0,0.0,1.0
70,0,0.0,0.0,0.0,0.0,0.0,0.0,0.6231060606060607,0.6231060606060607,0.0,0.6194516971279374,0.9999977039798287
70,1,0.0,0.0,0.0,0.0,0.0,0.0,0.7531565656565657,0.7531565656565656,0.0,0.7787206266318538,0.9999972247699449
70,2,1.0,1.0,1.0,0.0,0.0,0.0,0.6300505050505051,0.6300505050505051,0.0,0.6305483028720626,0.7558571380132595
70,3,0.0,0.0,0.0,0.0,0.0,0.0,0.7531565656565657,0.7531565656565656,0.0,0.7787206266318538,0.9999972247699449
70,4,0.0,0.0,0.0,0.0,0.0,0.0,0.0,0.0,0.0,0.0,1.0
70,5,0.0,0.0,0.0,0.0,0.0,0.0,0.0,0.0,0.0,0.0,1.0
70,6,0.0,0.0,0.0,0.0,0.0,0.0,0.0,0.0,0.0,0.0,1.0
70,7,0.0,0.0,0.0,0.0,0.0,0.0,0.0,0.0,0.0,0.0,1.0
80,0,0.0,0.0,0.0,0.0,0.0,0.0,0.5991161616161617,0.5991161616161617,0.0,0.6005221932114883,0.9999977923777683
80,1,0.0,0.0,0.0,0.0,0.0,0.0,0.7531565656565657,0.7531565656565656,0.0,0.7800261096605744,0.9999972247699449
80,2,1.0,1.0,1.0,0.0,0.0,0.0,0.6098484848484849,0.6098484848484849,0.0,0.6024804177545692,0.7558572124536298
80,3,0.0,0.0,0.0,0.0,0.0,0.0,0.7531565656565657,0.7531565656565656,0.0,0.7813315926892951,0.9999972247699449
80,4,0.0,0.0,0.0,0.0,0.0,0.0,0.0,0.0,0.0,0.0,1.0
80,5,0.0,0.0,0.0,0.0,0.0,0.0,0.0,0.0,0.0,0.0,1.0
80,6,0.0,0.0,0.0,0.0,0.0,0.0,0.0,0.0,0.0,0.0,1.0
80,7,0.0,0.0,0.0,0.0,0.0,0.0,0.0,0.0,0.0,0.0,1.0
90,0,0.0,0.0,0.0,0.0,0.0,0.0,0.5808080808080809,0.5808080808080809,0.0,0.0,0.999997859839354
90,1,0.0,0.0,0.0,0.0,0.0,0.0,0.7544191919191919,0.7544191919191919,0.0,0.0,0.9999972201174216
90,2,1.0,1.0,0.0,0.0,0.0,0.0,0.5827020202020202,0.5827020202020202,0.0,0.0,0.7558573124828774
90,3,0.0,0.0,0.0,0.0,0.0,0.0,0.7556818181818182,0.7556818181818182,0.0,0.0,0.9999972154648984
90,4,0.0,0.0,0.0,0.0,0.0,0.0,0.0,0.0,0.0,0.0,1.0
90,5,0.0,0.0,0.0,0.0,0.0,0.0,0.0,0.0,0.0,0.0,1.0
90,6,0.0,0.0,0.0,0.0,0.0,0.0,0.0,0.0,0.0,0.0,1.0
90,7,0.0,0.0,0.0,0.0,0.0,0.0,0.0,0.0,0.0,0.0,1.0
